0 0.528125 0.4111111111111111 0.08125 0.06666666666666667
0 0.6453125 0.525 0.09375 0.07777777777777778
0 0.4765625 0.5222222222222223 0.08125 0.06944444444444445
0 0.1125 0.5416666666666666 0.103125 0.06944444444444445
0 0.6390625 0.4111111111111111 0.084375 0.06944444444444445
0 0.2046875 0.42777777777777776 0.09375 0.06666666666666667
0 0.3328125 0.4222222222222222 0.084375 0.06944444444444445
0 0.2296875 0.5416666666666666 0.0859375 0.07222222222222222
0 0.34375 0.5361111111111111 0.0984375 0.06944444444444445
0 0.86875 0.4027777777777778 0.0984375 0.07222222222222222
0 0.740625 0.40555555555555556 0.09375 0.075
0 0.81875 0.5055555555555555 0.1125 0.08333333333333333