0 0.4296875 0.475 0.028125 0.06111111111111111
0 0.471875 0.26944444444444443 0.0203125 0.041666666666666664
0 0.45625 0.3611111111111111 0.025 0.05277777777777778
0 0.3625 0.8555555555555555 0.0484375 0.11944444444444445
0 0.48125 0.2222222222222222 0.015625 0.030555555555555555
0 0.584375 0.25277777777777777 0.0171875 0.03333333333333333
0 0.4875 0.18055555555555555 0.015625 0.030555555555555555
0 0.5328125 0.14166666666666666 0.0125 0.019444444444444445
0 0.5875 0.19166666666666668 0.015625 0.030555555555555555
0 0.5921875 0.4305555555555556 0.0234375 0.05555555555555555
0 0.5046875 0.10833333333333334 0.0109375 0.019444444444444445
0 0.4671875 0.31666666666666665 0.021875 0.041666666666666664
0 0.5671875 0.11666666666666667 0.0109375 0.019444444444444445
0 0.615625 0.6861111111111111 0.034375 0.09722222222222222
0 0.546875 0.4361111111111111 0.0203125 0.058333333333333334
0 0.625 0.33611111111111114 0.0140625 0.027777777777777776
0 0.353125 0.30277777777777776 0.015625 0.030555555555555555
0 0.55625 0.19166666666666668 0.0203125 0.044444444444444446
0 0.5 0.13333333333333333 0.0078125 0.016666666666666666
0 0.5359375 0.06666666666666667 0.009375 0.011111111111111112
0 0.5828125 0.10833333333333334 0.0140625 0.019444444444444445