0 0.546875 0.37222222222222223 0.10625 0.07222222222222222
0 0.90625 0.4861111111111111 0.09375 0.07777777777777778
0 0.246875 0.5027777777777778 0.09375 0.07222222222222222
0 0.515625 0.48055555555555557 0.1015625 0.08611111111111111
0 0.778125 0.4722222222222222 0.09375 0.07222222222222222
0 0.6328125 0.4722222222222222 0.0921875 0.075
0 0.8578125 0.34444444444444444 0.10625 0.075
0 0.390625 0.4861111111111111 0.1109375 0.08611111111111111
0 0.190625 0.6194444444444445 0.0921875 0.06666666666666667
0 0.990625 0.35 0.01875 0.06666666666666667
0 0.0478515625 0.5486111111111112 0.1064453125 0.5486111111111112 0.111328125 0.5434027777777778 0.11328125 0.5052083333333334 0.1083984375 0.4965277777777778 0.0634765625 0.4965277777777778 0.0361328125 0.5 0.029296875 0.5086805555555556 0.02734375 0.5260416666666666 0.02734375 0.5399305555555556 0.0302734375 0.5451388888888888 0.0478515625 0.5486111111111112
0 0.721875 0.35833333333333334 0.1046875 0.075