0 0.83125 0.4527777777777778 0.08125 0.06388888888888888
0 0.1109375 0.21666666666666667 0.021875 0.13333333333333333
0 0.653125 0.45555555555555555 0.0828125 0.06944444444444445
0 0.8203125 0.6111111111111112 0.0703125 0.06388888888888888
0 0.7375 0.45 0.0625 0.05555555555555555
0 0.88125 0.06944444444444445 0.071875 0.06388888888888888
0 0.88125 0.14444444444444443 0.0625 0.058333333333333334
0 0.4375 0.5805555555555556 0.0796875 0.06388888888888888
0 0.8859375 0.2972222222222222 0.0609375 0.04722222222222222
0 0.8890625 0.21944444444444444 0.0765625 0.06666666666666667
0 0.9765625 0.4388888888888889 0.0453125 0.05277777777777778
0 0.9875 0.24166666666666667 0.021875 0.058333333333333334
0 0.4734375 0.4638888888888889 0.0953125 0.06111111111111111