0 0.384375 0.19444444444444445 0.0546875 0.04722222222222222
0 0.103125 0.36944444444444446 0.05625 0.05277777777777778
0 0.7765625 0.041666666666666664 0.034375 0.08333333333333333
0 0.871875 0.9583333333333334 0.0390625 0.07777777777777778
0 0.0296875 0.375 0.059375 0.05277777777777778
0 0.34375 0.5805555555555556 0.0828125 0.05
0 0.0984375 0.6 0.075 0.05555555555555555
0 0.925 0.6444444444444445 0.096875 0.06388888888888888
0 0.2685546875 0.6944444444444444 0.2880859375 0.6909722222222222 0.3115234375 0.6840277777777778 0.318359375 0.6753472222222222 0.318359375 0.6510416666666666 0.3134765625 0.6388888888888888 0.2919921875 0.6388888888888888 0.2470703125 0.6493055555555556 0.2353515625 0.65625 0.234375 0.6579861111111112 0.234375 0.671875 0.2373046875 0.6944444444444444 0.2685546875 0.6944444444444444
0 0.4462890625 0.6979166666666666 0.4716796875 0.6979166666666666 0.47265625 0.6961805555555556 0.474609375 0.6579861111111112 0.4697265625 0.6493055555555556 0.4365234375 0.6458333333333334 0.3955078125 0.6458333333333334 0.392578125 0.6510416666666666 0.392578125 0.6892361111111112 0.3955078125 0.6944444444444444 0.4462890625 0.6979166666666666
0 0.3505859375 0.7743055555555556 0.353515625 0.7621527777777778 0.35546875 0.7413194444444444 0.353515625 0.7309027777777778 0.3505859375 0.7256944444444444 0.2626953125 0.71875 0.259765625 0.7274305555555556 0.2578125 0.7482638888888888 0.2578125 0.7725694444444444 0.2587890625 0.7743055555555556 0.3505859375 0.7743055555555556