0 0.7125 0.05 0.0359375 0.03888888888888889
0 0.14375 0.33611111111111114 0.0390625 0.06111111111111111
0 0.50625 0.41388888888888886 0.028125 0.05555555555555555
0 0.4046875 0.14166666666666666 0.0203125 0.05
0 0.0890625 0.20555555555555555 0.025 0.05555555555555555
0 0.5671875 0.7361111111111112 0.05 0.1
0 0.440625 0.38055555555555554 0.0296875 0.06388888888888888
0 0.6453125 0.09722222222222222 0.0453125 0.05
0 0.4515625 0.20555555555555555 0.021875 0.05277777777777778
0 0.434375 0.07777777777777778 0.01875 0.041666666666666664
0 0.5578125 0.5861111111111111 0.04375 0.08333333333333333
0 0.5640625 0.15555555555555556 0.040625 0.044444444444444446
0 0.5484375 0.1361111111111111 0.034375 0.03333333333333333
0 0.6125 0.18333333333333332 0.040625 0.041666666666666664
0 0.859375 0.23055555555555557 0.03125 0.05
0 0.4921875 0.1361111111111111 0.040625 0.03611111111111111
0 0.421875 0.9611111111111111 0.0515625 0.07222222222222222
0 0.0796875 0.3472222222222222 0.0390625 0.06111111111111111
0 0.978125 0.10555555555555556 0.0375 0.044444444444444446