0 0.7875 0.03333333333333333 0.0296875 0.06388888888888888
0 0.725 0.37222222222222223 0.0359375 0.09444444444444444
0 0.0609375 0.8638888888888889 0.0515625 0.11944444444444445
0 0.7109375 0.24444444444444444 0.0375 0.08333333333333333
0 0.6125 0.7083333333333334 0.059375 0.08888888888888889
0 0.015625 0.5305555555555556 0.0296875 0.05277777777777778
0 0.1109375 0.8611111111111112 0.0578125 0.10277777777777777
0 0.696875 0.7111111111111111 0.0390625 0.09444444444444444
0 0.4453125 0.24444444444444444 0.0515625 0.044444444444444446
0 0.2234375 0.44166666666666665 0.0578125 0.05277777777777778
0 0.4546875 0.5777777777777777 0.0578125 0.06666666666666667
0 0.5296875 0.6277777777777778 0.046875 0.06666666666666667
0 0.3265625 0.46944444444444444 0.05625 0.05277777777777778
0 0.4171875 0.49444444444444446 0.05625 0.05555555555555555
0 0.4828125 0.5305555555555556 0.05625 0.06111111111111111
0 0.13125 0.41944444444444445 0.0515625 0.05
0 0.5515625 0.5694444444444444 0.0546875 0.06666666666666667
0 0.0453125 0.4583333333333333 0.05625 0.05277777777777778
0 0.025 0.9666666666666667 0.046875 0.06666666666666667
0 0.059375 0.9833333333333333 0.0390625 0.027777777777777776
0 0.1828125 0.525 0.059375 0.05277777777777778
0 0.9703125 0.975 0.0578125 0.05
0 0.1421875 0.9 0.06875 0.13055555555555556