0 0.5421875 0.6027777777777777 0.08125 0.06666666666666667
0 0.4828125 0.4388888888888889 0.08125 0.05555555555555555
0 0.6484375 0.4388888888888889 0.08125 0.06388888888888888
0 0.81875 0.6027777777777777 0.0828125 0.06111111111111111
0 0.1859375 0.6 0.0703125 0.06111111111111111
0 0.659375 0.6055555555555555 0.084375 0.06944444444444445
0 0.2640625 0.44166666666666665 0.0765625 0.06111111111111111
0 0.3796875 0.4388888888888889 0.109375 0.075
0 0.1703125 0.525 0.0796875 0.06111111111111111
0 0.4234375 0.5944444444444444 0.065625 0.05277777777777778
0 0.9328125 0.6083333333333333 0.0875 0.06666666666666667
0 0.803125 0.4361111111111111 0.0953125 0.06388888888888888
0 0.309375 0.6055555555555555 0.0953125 0.06388888888888888
0 0.9203125 0.04722222222222222 0.078125 0.09166666666666666
0 0.959375 0.44166666666666665 0.0796875 0.05555555555555555
0 0.2796875 0.525 0.096875 0.06666666666666667
0 0.5234375 0.8388888888888889 0.0296875 0.09444444444444444