0 0.303125 0.20277777777777778 0.0546875 0.11944444444444445
0 0.3921875 0.6 0.075 0.06111111111111111
0 0.784375 0.6 0.06875 0.06111111111111111
0 0.3625 0.14722222222222223 0.034375 0.11944444444444445
0 0.06875 0.3611111111111111 0.075 0.06111111111111111
0 0.7203125 0.41944444444444445 0.075 0.05555555555555555
0 0.9609375 0.4166666666666667 0.0765625 0.058333333333333334
0 0.578125 0.6944444444444444 0.078125 0.06111111111111111
0 0.303125 0.5944444444444444 0.065625 0.058333333333333334
0 0.63125 0.6 0.0734375 0.058333333333333334
0 0.8546875 0.4222222222222222 0.0859375 0.05277777777777778
0 0.30625 0.044444444444444446 0.0375 0.08888888888888889
0 0.209375 0.8833333333333333 0.0421875 0.15833333333333333
0 0.0828125 0.5694444444444444 0.0859375 0.06666666666666667
0 0.259375 0.03888888888888889 0.025 0.075
0 0.946875 0.6972222222222222 0.0734375 0.058333333333333334
0 0.1921875 0.5888888888888889 0.0765625 0.058333333333333334
0 0.4984375 0.6027777777777777 0.08125 0.06111111111111111
0 0.6671875 0.6944444444444444 0.06875 0.06111111111111111
0 0.859375 0.6916666666666667 0.078125 0.058333333333333334
0 0.31875 0.9916666666666667 0.03125 0.016666666666666666
0 0.490625 0.6916666666666667 0.084375 0.058333333333333334
0 0.9390625 0.6166666666666667 0.09375 0.06388888888888888
0 0.0125 0.6472222222222223 0.025 0.05555555555555555
0 0.321875 0.8666666666666667 0.0359375 0.16666666666666666