0 0.3625 0.15555555555555556 0.0703125 0.125
0 0.296875 0.4583333333333333 0.0703125 0.1361111111111111
0 0.184375 0.5222222222222223 0.0734375 0.13055555555555556
0 0.7046875 0.30277777777777776 0.078125 0.07777777777777778
0 0.784375 0.1638888888888889 0.078125 0.06666666666666667
0 0.65 0.38055555555555554 0.075 0.07777777777777778
0 0.759375 0.08055555555555556 0.065625 0.06944444444444445
0 0.60625 0.475 0.0875 0.08055555555555556
0 0.7515625 0.24166666666666667 0.078125 0.07222222222222222
0 0.4671875 0.7111111111111111 0.090625 0.09444444444444444
0 0.50625 0.6333333333333333 0.0671875 0.058333333333333334
0 0.8515625 0.027777777777777776 0.0953125 0.05277777777777778
0 0.03125 0.9194444444444444 0.059375 0.12777777777777777
0 0.5609375 0.55 0.08125 0.06111111111111111
0 0.2328125 0.95 0.0359375 0.09722222222222222
0 0.0328125 0.7944444444444444 0.065625 0.1527777777777778
0 0.1171875 0.8027777777777778 0.03125 0.04722222222222222