0 0.5578125 0.3055555555555556 0.0375 0.11666666666666667
0 0.134375 0.5777777777777777 0.0734375 0.06111111111111111
0 0.1515625 0.49444444444444446 0.06875 0.05555555555555555
0 0.7296875 0.5305555555555556 0.0734375 0.06111111111111111
0 0.2546875 0.49444444444444446 0.05625 0.05277777777777778
0 0.56875 0.03611111111111111 0.03125 0.07222222222222222
0 0.525 0.21388888888888888 0.03125 0.09722222222222222
0 0.81875 0.5444444444444444 0.0703125 0.058333333333333334
0 0.528125 0.09444444444444444 0.03125 0.11944444444444445
0 0.30625 0.675 0.06875 0.058333333333333334
0 0.5125 0.5055555555555555 0.06875 0.05555555555555555
0 0.4078125 0.4222222222222222 0.0609375 0.05277777777777778
0 0.0265625 0.6666666666666666 0.0515625 0.06111111111111111
0 0.13125 0.6638888888888889 0.0734375 0.058333333333333334
0 0.3328125 0.4222222222222222 0.0796875 0.058333333333333334
0 0.75 0.46111111111111114 0.065625 0.05277777777777778
0 0.4953125 0.7083333333333334 0.059375 0.1111111111111111
0 0.8140625 0.46944444444444444 0.059375 0.05277777777777778
0 0.5703125 0.75 0.0296875 0.044444444444444446
0 0.53125 0.005555555555555556 0.025 0.011111111111111112
0 0.015625 0.49166666666666664 0.0296875 0.05555555555555555
0 0.853125 0.7416666666666667 0.0734375 0.06666666666666667
0 0.584375 0.9638888888888889 0.0390625 0.07222222222222222
0 0.3984375 0.5055555555555555 0.075 0.058333333333333334
0 0.4875 0.9166666666666666 0.0296875 0.1
0 0.9546875 0.49444444444444446 0.040625 0.05