0 0.225 0.044444444444444446 0.0515625 0.06666666666666667
0 0.5359375 0.5 0.0546875 0.08333333333333333
0 0.1171875 0.18055555555555555 0.053125 0.06111111111111111
0 0.659375 0.5666666666666667 0.0578125 0.05277777777777778
0 0.9265625 0.4527777777777778 0.053125 0.06944444444444445
0 0.2875 0.08333333333333333 0.053125 0.075
0 0.0859375 0.4527777777777778 0.0640625 0.058333333333333334
0 0.79375 0.5333333333333333 0.0515625 0.06111111111111111
0 0.3125 0.4027777777777778 0.0578125 0.05277777777777778
0 0.834375 0.9527777777777777 0.0296875 0.08888888888888889
0 0.9109375 0.675 0.0359375 0.1111111111111111
0 0.81875 0.7611111111111111 0.0328125 0.1111111111111111
0 0.040625 0.4111111111111111 0.0671875 0.05555555555555555
0 0.3109375 0.4722222222222222 0.071875 0.06388888888888888
0 0.23125 0.38333333333333336 0.0578125 0.04722222222222222
0 0.1546875 0.38333333333333336 0.0609375 0.05
0 0.18125 0.4444444444444444 0.0609375 0.03888888888888889