0 0.6109375 0.2833333333333333 0.0640625 0.07222222222222222
0 0.73125 0.36666666666666664 0.0546875 0.07777777777777778
0 0.2625 0.2916666666666667 0.0703125 0.05555555555555555
0 0.8515625 0.5333333333333333 0.0640625 0.09444444444444444
0 0.5296875 0.32222222222222224 0.065625 0.06944444444444445
0 0.946875 0.022222222222222223 0.06875 0.044444444444444446
0 0.6953125 0.425 0.0625 0.08888888888888889
0 0.2921875 0.19444444444444445 0.06875 0.058333333333333334
0 0.3703125 0.8 0.0609375 0.12222222222222222
0 0.409375 0.9111111111111111 0.046875 0.10555555555555556
0 0.8765625 0.6611111111111111 0.0625 0.1
0 0.4546875 0.21666666666666667 0.0625 0.06388888888888888
0 0.021875 0.16944444444444445 0.0421875 0.058333333333333334
0 0.978125 0.7972222222222223 0.04375 0.08888888888888889
0 0.9453125 0.6194444444444445 0.0640625 0.09444444444444444
0 0.1375 0.4388888888888889 0.05625 0.06944444444444445
0 0.14375 0.17777777777777778 0.065625 0.05555555555555555
0 0.1125 0.2638888888888889 0.0859375 0.05555555555555555
0 0.0203125 0.2916666666666667 0.0390625 0.08888888888888889
0 0.3328125 0.6888888888888889 0.0453125 0.10277777777777777
0 0.4015625 0.275 0.0796875 0.075
0 0.009375 0.23055555555555557 0.01875 0.041666666666666664