0 0.1796875 0.8777777777777778 0.071875 0.12777777777777777
0 0.103125 0.875 0.071875 0.1527777777777778
0 0.8703125 0.675 0.0734375 0.08333333333333333
0 0.746875 0.6694444444444444 0.0765625 0.08333333333333333
0 0.15 0.275 0.0578125 0.09722222222222222
0 0.8125 0.4888888888888889 0.0703125 0.075
0 0.390625 0.7083333333333334 0.078125 0.07777777777777778
0 0.53125 0.5777777777777777 0.0671875 0.08055555555555556
0 0.9875 0.6805555555555556 0.025 0.075
0 0.0890625 0.19722222222222222 0.059375 0.09166666666666666
0 0.7265625 0.4888888888888889 0.075 0.075
0 0.3515625 0.5027777777777778 0.0671875 0.07777777777777778
0 0.9828125 0.4888888888888889 0.034375 0.07222222222222222
0 0.546875 0.49444444444444446 0.06875 0.05555555555555555
0 0.6125 0.6722222222222223 0.0953125 0.09166666666666666
0 0.2765625 0.7638888888888888 0.0921875 0.125
0 0.45 0.5055555555555555 0.109375 0.07777777777777778