0 0.8015625 0.7972222222222223 0.06875 0.20277777777777778
0 0.9359375 0.38055555555555554 0.1015625 0.1
0 0.5859375 0.8333333333333334 0.0828125 0.225
0 0.3 0.18333333333333332 0.0859375 0.07777777777777778
0 0.6578125 0.8111111111111111 0.0734375 0.22777777777777777
0 0.2328125 0.3138888888888889 0.121875 0.08888888888888889
0 0.509375 0.8416666666666667 0.084375 0.2222222222222222
0 0.4640625 0.4666666666666667 0.0859375 0.06944444444444445
0 0.7359375 0.475 0.096875 0.075
0 0.5109375 0.33611111111111114 0.0984375 0.08055555555555556
0 0.4375 0.8555555555555555 0.08125 0.225
0 0.7328125 0.8111111111111111 0.0734375 0.22777777777777777
0 0.8078125 0.14166666666666666 0.11875 0.09722222222222222
0 0.5140625 0.17222222222222222 0.10625 0.09166666666666666
0 0.6578125 0.15 0.1140625 0.09722222222222222
0 0.2140625 0.8444444444444444 0.0875 0.20833333333333334
0 0.0109375 0.7166666666666667 0.021875 0.175