0 0.503125 0.15555555555555556 0.01875 0.05555555555555555
0 0.4984375 0.5444444444444444 0.025 0.08888888888888889
0 0.4578125 0.28888888888888886 0.0234375 0.06944444444444445
0 0.4703125 0.41944444444444445 0.021875 0.06944444444444445
0 0.503125 0.35 0.021875 0.06944444444444445
0 0.465625 0.17222222222222222 0.01875 0.04722222222222222
0 0.534375 0.2722222222222222 0.0203125 0.06111111111111111
0 0.4546875 0.3611111111111111 0.0203125 0.06666666666666667
0 0.53125 0.10555555555555556 0.0171875 0.05
0 0.5390625 0.5638888888888889 0.025 0.08888888888888889
0 0.490625 0.825 0.03125 0.1111111111111111
0 0.46875 0.11666666666666667 0.01875 0.05555555555555555
0 0.5375 0.3888888888888889 0.021875 0.075
0 0.5328125 0.4666666666666667 0.025 0.08055555555555556
0 0.45 0.5111111111111111 0.0234375 0.06944444444444445
0 0.440625 0.6916666666666667 0.0265625 0.1
0 0.4453125 0.5916666666666667 0.028125 0.09444444444444444
0 0.5421875 0.6805555555555556 0.0265625 0.08888888888888889
0 0.5328125 0.044444444444444446 0.0171875 0.05277777777777778
0 0.4375 0.8166666666666667 0.025 0.1
0 0.53125 0.008333333333333333 0.015625 0.013888888888888888