0 0.1875 0.4305555555555556 0.1 0.07777777777777778
0 0.33125 0.43333333333333335 0.1015625 0.08055555555555556
0 0.2796875 0.5527777777777778 0.115625 0.08333333333333333
0 0.0765625 0.4305555555555556 0.0875 0.075
0 0.725 0.4666666666666667 0.109375 0.08611111111111111
0 0.8703125 0.49722222222222223 0.128125 0.08888888888888889
0 0.5984375 0.6027777777777777 0.10625 0.08333333333333333
0 0.74375 0.6222222222222222 0.1109375 0.08888888888888889
0 0.0921875 0.5638888888888889 0.090625 0.06944444444444445
0 0.9 0.6305555555555555 0.0984375 0.08055555555555556
0 0.5328125 0.44166666666666665 0.115625 0.08333333333333333