0 0.403125 0.26944444444444443 0.1171875 0.1
0 0.609375 0.2861111111111111 0.1328125 0.10555555555555556
0 0.775 0.2638888888888889 0.1140625 0.08888888888888889
0 0.0625 0.8277777777777777 0.1234375 0.1361111111111111
0 0.9734375 0.7972222222222223 0.05 0.09722222222222222
0 0.8390625 0.42777777777777776 0.1421875 0.10555555555555556
0 0.465625 0.4361111111111111 0.1703125 0.125
0 0.6484375 0.4305555555555556 0.1328125 0.12222222222222222
0 0.7078125 0.825 0.1375 0.11944444444444445
0 0.8546875 0.8222222222222222 0.1390625 0.1361111111111111
0 0.5453125 0.8333333333333334 0.165625 0.12222222222222222
0 0.096875 0.44166666666666665 0.1359375 0.11388888888888889
0 0.275 0.4388888888888889 0.1734375 0.1111111111111111
0 0.2140625 0.26944444444444443 0.1859375 0.12777777777777777