0 0.984375 0.625 0.0296875 0.058333333333333334
0 0.7609375 0.5527777777777778 0.0609375 0.08611111111111111
0 0.790625 0.8 0.0453125 0.1
0 0.2640625 0.4722222222222222 0.0640625 0.05277777777777778
0 0.4078125 0.4722222222222222 0.0578125 0.04722222222222222
0 0.30625 0.13055555555555556 0.065625 0.07222222222222222
0 0.5375 0.4361111111111111 0.0578125 0.058333333333333334
0 0.3640625 0.4083333333333333 0.0578125 0.04722222222222222
0 0.6875 0.9611111111111111 0.04375 0.07777777777777778
0 0.5734375 0.5222222222222223 0.05625 0.058333333333333334
0 0.4234375 0.5333333333333333 0.0609375 0.05277777777777778
0 0.0484375 0.45555555555555555 0.0640625 0.05277777777777778
0 0.6234375 0.1111111111111111 0.03125 0.09444444444444444
0 0.609375 0.24722222222222223 0.0234375 0.08611111111111111
0 0.0859375 0.9083333333333333 0.0484375 0.10833333333333334
0 0.871875 0.7166666666666667 0.0703125 0.05555555555555555
0 0.0359375 0.9361111111111111 0.0421875 0.125
0 0.2984375 0.41388888888888886 0.05625 0.05
0 0.48125 0.48055555555555557 0.05625 0.05555555555555555
0 0.4453125 0.4 0.05 0.044444444444444446
0 0.0296875 0.5222222222222223 0.05625 0.05
0 0.1265625 0.925 0.05625 0.14166666666666666
0 0.2140625 0.4222222222222222 0.0609375 0.05