0 0.375 0.46944444444444444 0.0875 0.06944444444444445
0 0.7265625 0.475 0.08125 0.058333333333333334
0 0.6109375 0.46944444444444444 0.0703125 0.06388888888888888
0 0.26875 0.4583333333333333 0.0828125 0.06944444444444445
0 0.509375 0.4777777777777778 0.0765625 0.06111111111111111
0 0.246875 0.3611111111111111 0.0828125 0.06111111111111111
0 0.84375 0.48055555555555557 0.0921875 0.06666666666666667
0 0.68125 0.36666666666666664 0.090625 0.06944444444444445
0 0.971875 0.6166666666666667 0.05625 0.075
0 0.79375 0.37777777777777777 0.090625 0.06944444444444445
0 0.95 0.225 0.05625 0.15555555555555556
0 0.419921875 0.9461805555555556 0.421875 0.9565972222222222 0.4267578125 0.9652777777777778 0.4306640625 0.96875 0.4462890625 0.96875 0.4501953125 0.9652777777777778 0.45703125 0.953125 0.458984375 0.9461805555555556 0.458984375 0.9045138888888888 0.451171875 0.8211805555555556 0.4443359375 0.7986111111111112 0.4228515625 0.7986111111111112 0.4169921875 0.8055555555555556 0.4140625 0.8107638888888888 0.4140625 0.8628472222222222 0.416015625 0.9149305555555556 0.419921875 0.9461805555555556
0 0.6787109375 0.9895833333333334 0.68359375 0.9809027777777778 0.685546875 0.9600694444444444 0.685546875 0.828125 0.6826171875 0.8229166666666666 0.6630859375 0.8194444444444444 0.6533203125 0.8194444444444444 0.65234375 0.8211805555555556 0.650390625 0.8420138888888888 0.650390625 0.9809027777777778 0.6572265625 0.9895833333333334 0.6787109375 0.9895833333333334