0 0.803125 0.5472222222222223 0.0875 0.08611111111111111
0 0.30625 0.45555555555555555 0.090625 0.07222222222222222
0 0.6140625 0.35833333333333334 0.0921875 0.07222222222222222
0 0.4984375 0.3527777777777778 0.0875 0.06666666666666667
0 0.690625 0.4527777777777778 0.08125 0.06388888888888888
0 0.3765625 0.35 0.090625 0.07222222222222222
0 0.571875 0.4583333333333333 0.0921875 0.06944444444444445
0 0.0765625 0.95 0.0484375 0.09722222222222222
0 0.4515625 0.45555555555555555 0.10625 0.07222222222222222
0 0.259375 0.35833333333333334 0.0953125 0.07777777777777778
0 0.796875 0.42777777777777776 0.09375 0.06666666666666667
0 0.928125 0.44722222222222224 0.0921875 0.07222222222222222
0 0.423828125 0.9635416666666666 0.4345703125 0.9791666666666666 0.4501953125 0.9756944444444444 0.4580078125 0.96875 0.4609375 0.9635416666666666 0.4609375 0.9357638888888888 0.458984375 0.9045138888888888 0.451171875 0.8246527777777778 0.4462890625 0.8159722222222222 0.4345703125 0.8159722222222222 0.4189453125 0.8229166666666666 0.416015625 0.828125 0.4140625 0.8350694444444444 0.4140625 0.8524305555555556 0.419921875 0.9288194444444444 0.423828125 0.9635416666666666
0 0.3291015625 0.9375 0.3359375 0.9288194444444444 0.3359375 0.8350694444444444 0.333984375 0.7725694444444444 0.3291015625 0.7638888888888888 0.3056640625 0.7638888888888888 0.2998046875 0.7673611111111112 0.298828125 0.7690972222222222 0.298828125 0.9253472222222222 0.3037109375 0.9375 0.3291015625 0.9375