0 0.5109375 0.35833333333333334 0.1 0.08333333333333333
0 0.2 0.375 0.0921875 0.07222222222222222
0 0.890625 0.35833333333333334 0.1046875 0.08333333333333333
0 0.41875 0.6027777777777777 0.096875 0.08055555555555556
0 0.971875 0.6027777777777777 0.0546875 0.075
0 0.5546875 0.6083333333333333 0.084375 0.07222222222222222
0 0.09375 0.9638888888888889 0.0515625 0.07222222222222222
0 0.7177734375 0.6458333333333334 0.8115234375 0.6458333333333334 0.8251953125 0.6388888888888888 0.8291015625 0.6354166666666666 0.833984375 0.6267361111111112 0.828125 0.5885416666666666 0.826171875 0.5815972222222222 0.8193359375 0.5729166666666666 0.7880859375 0.5694444444444444 0.7158203125 0.5763888888888888 0.7109375 0.5850694444444444 0.7109375 0.6232638888888888 0.71484375 0.640625 0.7177734375 0.6458333333333334
0 0.0224609375 0.21180555555555555 0.0302734375 0.2152777777777778 0.0341796875 0.2152777777777778 0.0537109375 0.2048611111111111 0.056640625 0.1996527777777778 0.078125 0.10590277777777778 0.07421875 0.0642361111111111 0.0693359375 0.05555555555555555 0.0634765625 0.052083333333333336 0.0537109375 0.04861111111111111 0.0400390625 0.04861111111111111 0.0234375 0.09895833333333333 0.015625 0.140625 0.01171875 0.17881944444444445 0.01171875 0.19270833333333334 0.0166015625 0.2048611111111111 0.0224609375 0.21180555555555555
0 0.1064453125 0 0.1015625 0.008680555555555556 0.095703125 0.043402777777777776 0.09375 0.07118055555555555 0.09375 0.08159722222222222 0.095703125 0.08854166666666667 0.0986328125 0.09375 0.1064453125 0.10069444444444445 0.1201171875 0.10069444444444445 0.1240234375 0.09722222222222222 0.12890625 0.08854166666666667 0.140625 0.026041666666666668 0.140625 0.008680555555555556 0.1376953125 0 0.1064453125 0
0 0.1611328125 0.9722222222222222 0.1767578125 0.9722222222222222 0.1826171875 0.96875 0.189453125 0.9565972222222222 0.1953125 0.9357638888888888 0.205078125 0.7934027777777778 0.2001953125 0.7847222222222222 0.1904296875 0.78125 0.1767578125 0.78125 0.1689453125 0.7881944444444444 0.1640625 0.796875 0.158203125 0.8142361111111112 0.154296875 0.8420138888888888 0.142578125 0.9392361111111112 0.14453125 0.9565972222222222 0.1513671875 0.96875 0.1611328125 0.9722222222222222