0 0.2453125 0.3888888888888889 0.08125 0.06111111111111111
0 0.75625 0.37777777777777777 0.0859375 0.06388888888888888
0 0.090625 0.4027777777777778 0.0765625 0.06388888888888888
0 0.7359375 0.49166666666666664 0.090625 0.06666666666666667
0 0.4875 0.39166666666666666 0.078125 0.06111111111111111
0 0.3484375 0.38333333333333336 0.078125 0.06388888888888888
0 0.56875 0.49444444444444446 0.084375 0.06388888888888888
0 0.6109375 0.3861111111111111 0.08125 0.06944444444444445
0 0.19375 0.5138888888888888 0.0921875 0.06388888888888888
0 0.45 0.4888888888888889 0.0859375 0.06666666666666667
0 0.325 0.5083333333333333 0.0953125 0.06388888888888888
0 0.94375 0.9138888888888889 0.040625 0.15833333333333333