0 0.19375 0.027777777777777776 0.0328125 0.05277777777777778
0 0.240625 0.03888888888888889 0.0296875 0.07777777777777778
0 0.2453125 0.4388888888888889 0.0390625 0.1111111111111111
0 0.48125 0.3638888888888889 0.059375 0.04722222222222222
0 0.3046875 0.55 0.0609375 0.05
0 0.240625 0.20555555555555555 0.028125 0.11388888888888889
0 0.5703125 0.65 0.0609375 0.05
0 0.5578125 0.38055555555555554 0.071875 0.05555555555555555
0 0.4953125 0.5555555555555556 0.0734375 0.05
0 0.334375 0.6388888888888888 0.0609375 0.04722222222222222
0 0.503125 0.6472222222222223 0.0609375 0.05555555555555555
0 0.78125 0.20555555555555555 0.0265625 0.09166666666666666
0 0.584375 0.5555555555555556 0.059375 0.04722222222222222
0 0.4046875 0.5583333333333333 0.0703125 0.044444444444444446
0 0.196875 0.6388888888888888 0.0578125 0.04722222222222222
0 0.4234375 0.6305555555555555 0.046875 0.06388888888888888
0 0.7828125 0.08055555555555556 0.0375 0.11944444444444445
0 0.85 0.9472222222222222 0.0390625 0.10277777777777777
0 0.1796875 0.21388888888888888 0.04375 0.14166666666666666