0 0.6578125 0.37777777777777777 0.08125 0.08888888888888889
0 0.85 0.6638888888888889 0.071875 0.06666666666666667
0 0.3703125 0.7416666666666667 0.078125 0.075
0 0.584375 0.42777777777777776 0.0609375 0.05555555555555555
0 0.0953125 0.625 0.096875 0.075
0 0.5375 0.9805555555555555 0.034375 0.03888888888888889
0 0.96875 0.3388888888888889 0.0609375 0.06666666666666667
0 0.984375 0.7138888888888889 0.0296875 0.05555555555555555
0 0.6421875 0.5861111111111111 0.075 0.058333333333333334
0 0.8625 0.3277777777777778 0.0859375 0.06666666666666667
0 0.65625 0.7138888888888889 0.09375 0.06388888888888888
0 0.0234375 0.2222222222222222 0.046875 0.05555555555555555
0 0.7671875 0.3111111111111111 0.0890625 0.06111111111111111