0 0.1109375 0.125 0.0453125 0.1388888888888889
0 0.634375 0.5638888888888889 0.0625 0.06111111111111111
0 0.2296875 0.3972222222222222 0.0515625 0.11388888888888889
0 0.18125 0.11666666666666667 0.0421875 0.15
0 0.7078125 0.7166666666666667 0.0640625 0.06111111111111111
0 0.3140625 0.5277777777777778 0.0703125 0.07222222222222222
0 0.809375 0.7277777777777777 0.0734375 0.06666666666666667
0 0.8234375 0.4861111111111111 0.0921875 0.06111111111111111
0 0.065625 0.5611111111111111 0.0765625 0.058333333333333334
0 0.3515625 0.7194444444444444 0.090625 0.06111111111111111
0 0.965625 0.7083333333333334 0.06875 0.06111111111111111
0 0.6125 0.7027777777777777 0.0828125 0.06666666666666667
0 0.0126953125 0.7986111111111112 0.0380859375 0.7951388888888888 0.0771484375 0.7847222222222222 0.08203125 0.7760416666666666 0.083984375 0.765625 0.08203125 0.7482638888888888 0.080078125 0.7413194444444444 0.0751953125 0.7326388888888888 0.0615234375 0.7326388888888888 0.0224609375 0.7395833333333334 0.0146484375 0.7430555555555556 0.005859375 0.7517361111111112 0.00390625 0.7586805555555556 0.00390625 0.7829861111111112 0.0078125 0.7934027777777778 0.0126953125 0.7986111111111112
0 0.1298828125 0.78125 0.1494140625 0.7777777777777778 0.1689453125 0.7708333333333334 0.171875 0.765625 0.171875 0.734375 0.1669921875 0.7222222222222222 0.1064453125 0.7256944444444444 0.09765625 0.734375 0.095703125 0.7413194444444444 0.095703125 0.765625 0.1005859375 0.7777777777777778 0.1298828125 0.78125
0 0.1884765625 0.7638888888888888 0.2080078125 0.7638888888888888 0.2392578125 0.7569444444444444 0.2431640625 0.7534722222222222 0.24609375 0.7447916666666666 0.244140625 0.7204861111111112 0.2392578125 0.7083333333333334 0.2314453125 0.7083333333333334 0.1923828125 0.71875 0.185546875 0.7239583333333334 0.18359375 0.734375 0.18359375 0.7413194444444444 0.185546875 0.7552083333333334 0.1884765625 0.7638888888888888