0 0.2390625 0.7305555555555555 0.05 0.044444444444444446
0 0.3203125 0.30833333333333335 0.0609375 0.06666666666666667
0 0.5453125 0.6777777777777778 0.05 0.044444444444444446
0 0.328125 0.7 0.05 0.044444444444444446
0 0.034375 0.6944444444444444 0.0546875 0.04722222222222222
0 0.390625 0.6916666666666667 0.0515625 0.04722222222222222
0 0.125 0.6694444444444444 0.05 0.05
0 0.8234375 0.6305555555555555 0.053125 0.04722222222222222
0 0.2140625 0.6527777777777778 0.059375 0.05555555555555555
0 0.5703125 0.5833333333333334 0.0609375 0.06944444444444445
0 0.0484375 0.7583333333333333 0.046875 0.03611111111111111