0 0.671875 0.46944444444444444 0.059375 0.05277777777777778
0 0.1359375 0.30833333333333335 0.065625 0.06111111111111111
0 0.20625 0.41388888888888886 0.059375 0.05555555555555555
0 0.3796875 0.3972222222222222 0.065625 0.05277777777777778
0 0.575 0.675 0.0609375 0.05
0 0.3875 0.4638888888888889 0.059375 0.05
0 0.0296875 0.3388888888888889 0.059375 0.058333333333333334
0 0.2390625 0.33611111111111114 0.05625 0.05555555555555555
0 0.590625 0.4083333333333333 0.0671875 0.05
0 0.8765625 0.4583333333333333 0.0609375 0.05277777777777778
0 0.475 0.40555555555555556 0.0703125 0.05277777777777778
0 0.7125 0.6611111111111111 0.0734375 0.05
0 0.0515625 0.6861111111111111 0.0828125 0.058333333333333334