0 0.95625 0.5583333333333333 0.0859375 0.06666666666666667
0 0.628125 0.5722222222222222 0.075 0.06388888888888888
0 0.2984375 0.5833333333333334 0.08125 0.06388888888888888
0 0.4109375 0.6944444444444444 0.08125 0.06111111111111111
0 0.0984375 0.7694444444444445 0.1046875 0.08333333333333333
0 0.81875 0.5583333333333333 0.0875 0.06666666666666667
0 0.05 0.6833333333333333 0.0984375 0.08055555555555556
0 0.684375 0.75 0.0921875 0.06944444444444445
0 0.390625 0.7666666666666667 0.096875 0.07222222222222222
0 0.5625 0.7583333333333333 0.084375 0.06388888888888888
0 0.4515625 0.575 0.028125 0.08055555555555556
0 0.2015625 0.6888888888888889 0.084375 0.06944444444444445
0 0.00625 0.6 0.0109375 0.041666666666666664