0 0.525 0.18888888888888888 0.0234375 0.07222222222222222
0 0.1734375 0.10555555555555556 0.0484375 0.044444444444444446
0 0.1203125 0.09722222222222222 0.040625 0.03888888888888889
0 0.3140625 0.044444444444444446 0.0234375 0.07222222222222222
0 0.5296875 0.39444444444444443 0.025 0.08611111111111111
0 0.5234375 0.2916666666666667 0.0265625 0.08611111111111111
0 0.621875 0.7944444444444444 0.03125 0.10277777777777777
0 0.5109375 0.7944444444444444 0.028125 0.08888888888888889
0 0.528125 0.013888888888888888 0.01875 0.027777777777777776
0 0.5203125 0.5277777777777778 0.025 0.08333333333333333
0 0.5171875 0.6527777777777778 0.025 0.08055555555555556
0 0.525 0.08333333333333333 0.025 0.08611111111111111
0 0.50625 0.9444444444444444 0.03125 0.10833333333333334