0 0.55625 0.06666666666666667 0.0328125 0.12777777777777777
0 0.4546875 0.04722222222222222 0.0296875 0.09166666666666666
0 0.45625 0.15555555555555556 0.0296875 0.11944444444444445
0 0.2328125 0.3638888888888889 0.06875 0.05555555555555555
0 0.7 0.6277777777777778 0.071875 0.06111111111111111
0 0.153125 0.37222222222222223 0.0671875 0.06388888888888888
0 0.7640625 0.36666666666666664 0.0625 0.05555555555555555
0 0.3109375 0.3638888888888889 0.075 0.06388888888888888
0 0.38125 0.3472222222222222 0.0640625 0.058333333333333334
0 0.4421875 0.9527777777777777 0.025 0.09166666666666666
0 0.6796875 0.35833333333333334 0.0703125 0.07777777777777778
0 0.1109375 0.625 0.071875 0.058333333333333334
0 0.90625 0.38055555555555554 0.0390625 0.05
0 0.903125 0.6388888888888888 0.0734375 0.058333333333333334
0 0.0078125 0.3888888888888889 0.015625 0.05555555555555555
0 0.5765625 0.6277777777777778 0.06875 0.12222222222222222
0 0.5421875 0.9555555555555556 0.0296875 0.08888888888888889
0 0.8265625 0.6361111111111111 0.0796875 0.06388888888888888