0 0.15625 0.4305555555555556 0.071875 0.10277777777777777
0 0.096875 0.4166666666666667 0.08125 0.12222222222222222
0 0.753125 0.22777777777777777 0.034375 0.11388888888888889
0 0.0171875 0.6555555555555556 0.034375 0.11388888888888889
0 0.25 0.39166666666666666 0.0796875 0.06944444444444445
0 0.5046875 0.40555555555555556 0.06875 0.05555555555555555
0 0.0546875 0.7527777777777778 0.046875 0.1111111111111111
0 0.7875 0.42777777777777776 0.0671875 0.05555555555555555
0 0.80625 0.08055555555555556 0.034375 0.08333333333333333
0 0.021875 0.9444444444444444 0.0421875 0.10833333333333334
0 0.1078125 0.5583333333333333 0.0484375 0.1111111111111111
0 0.5890625 0.39444444444444443 0.065625 0.058333333333333334
0 0.7890625 0.7694444444444445 0.034375 0.10833333333333334
0 0.75 0.8111111111111111 0.053125 0.1388888888888889
0 0.6703125 0.42777777777777776 0.071875 0.05277777777777778
0 0.8625 0.48055555555555557 0.0640625 0.05
0 0.378125 0.3972222222222222 0.08125 0.05555555555555555
0 0.934375 0.4666666666666667 0.0671875 0.05277777777777778
0 0.5734375 0.7527777777777778 0.0828125 0.06666666666666667
0 0.79375 0.6416666666666667 0.034375 0.11944444444444445