0 0.2515625 0.75 0.0859375 0.07222222222222222
0 0.0453125 0.6833333333333333 0.0890625 0.075
0 0.6 0.38055555555555554 0.0734375 0.06666666666666667
0 0.3125 0.5222222222222223 0.0859375 0.06666666666666667
0 0.371875 0.10277777777777777 0.04375 0.15555555555555556
0 0.709375 0.48333333333333334 0.0875 0.06666666666666667
0 0.890625 0.3472222222222222 0.0921875 0.075
0 0.0359375 0.43333333333333335 0.0703125 0.06388888888888888
0 0.2484375 0.3861111111111111 0.1015625 0.09722222222222222
0 0.01875 0.7888888888888889 0.0359375 0.075
0 0.1390625 0.9611111111111111 0.040625 0.075
0 0.5140625 0.7333333333333333 0.0859375 0.075
0 0.3740234375 0.7743055555555556 0.4443359375 0.7638888888888888 0.4482421875 0.7604166666666666 0.453125 0.7517361111111112 0.45703125 0.734375 0.451171875 0.703125 0.4384765625 0.6909722222222222 0.3701171875 0.7048611111111112 0.3525390625 0.7152777777777778 0.34765625 0.7239583333333334 0.349609375 0.7552083333333334 0.3525390625 0.7743055555555556 0.3740234375 0.7743055555555556