0 0.2953125 0.8416666666666667 0.0484375 0.044444444444444446
0 0.225 0.8111111111111111 0.0375 0.04722222222222222
0 0.978125 0.8333333333333334 0.0421875 0.03611111111111111
0 0.928125 0.7722222222222223 0.0578125 0.044444444444444446
0 0.3453125 0.7805555555555556 0.0421875 0.03611111111111111
0 0.9859375 0.7833333333333333 0.0265625 0.03333333333333333
0 0.296875 0.7833333333333333 0.0390625 0.03611111111111111
0 0.765625 0.3194444444444444 0.0234375 0.019444444444444445
0 0.909375 0.8361111111111111 0.0515625 0.03888888888888889
0 0.3953125 0.7833333333333333 0.0421875 0.03611111111111111
0 0.128125 0.8138888888888889 0.05 0.05
0 0.7828125 0.3388888888888889 0.021875 0.016666666666666666
0 0.80625 0.33055555555555555 0.009375 0.016666666666666666
0 0.8859375 0.25833333333333336 0.01875 0.019444444444444445
0 0.728125 0.1388888888888889 0.0140625 0.011111111111111112
0 0.74375 0.13333333333333333 0.0125 0.008333333333333333
0 0.75625 0.14444444444444443 0.0109375 0.008333333333333333
0 0.7640625 0.17222222222222222 0.0125 0.013888888888888888
0 0.78125 0.18055555555555555 0.01875 0.022222222222222223
0 0.7015625 0.14722222222222223 0.009375 0.011111111111111112
0 0.778125 0.12777777777777777 0.0125 0.008333333333333333
0 0.7921875 0.125 0.0125 0.008333333333333333
0 0.809375 0.12222222222222222 0.0109375 0.008333333333333333
0 0.825 0.11944444444444445 0.0140625 0.008333333333333333
0 0.86875 0.10833333333333334 0.015625 0.008333333333333333
0 0.8546875 0.11388888888888889 0.0109375 0.008333333333333333
0 0.8421875 0.11666666666666667 0.0125 0.008333333333333333