0 0.8765625 0.07222222222222222 0.0265625 0.08333333333333333
0 0.546875 0.6472222222222223 0.0609375 0.06666666666666667
0 0.3578125 0.35555555555555557 0.021875 0.08055555555555556
0 0.5484375 0.7166666666666667 0.0546875 0.06388888888888888
0 0.321875 0.1388888888888889 0.025 0.08611111111111111
0 0.80625 0.7583333333333333 0.0640625 0.06388888888888888
0 0.7921875 0.8277777777777777 0.0546875 0.058333333333333334
0 0.1078125 0.5861111111111111 0.0640625 0.05555555555555555
0 0.6171875 0.6 0.0484375 0.04722222222222222
0 0.6234375 0.7611111111111111 0.0609375 0.06111111111111111
0 0.0265625 0.5472222222222223 0.0515625 0.09166666666666666
0 0.3578125 0.06666666666666667 0.025 0.08611111111111111
0 0.1984375 0.6222222222222222 0.08125 0.06666666666666667
0 0.3546875 0.6861111111111111 0.025 0.09444444444444444
0 0.309375 0.2972222222222222 0.028125 0.08888888888888889