0 0.4828125 0.3416666666666667 0.0984375 0.07777777777777778
0 0.90625 0.3194444444444444 0.1234375 0.09444444444444444
0 0.7453125 0.48333333333333334 0.096875 0.08055555555555556
0 0.665625 0.8166666666666667 0.0734375 0.225
0 0.446875 0.8583333333333333 0.08125 0.2222222222222222
0 0.5953125 0.8361111111111111 0.0828125 0.2222222222222222
0 0.3109375 0.19166666666666668 0.084375 0.075
0 0.51875 0.8444444444444444 0.0828125 0.2222222222222222
0 0.4734375 0.4722222222222222 0.084375 0.07222222222222222
0 0.8171875 0.14722222222222223 0.11875 0.09722222222222222
0 0.740625 0.8166666666666667 0.071875 0.225
0 0.809375 0.8027777777777778 0.06875 0.20277777777777778
0 0.225 0.8472222222222222 0.0875 0.20555555555555555
0 0.01875 0.7194444444444444 0.0359375 0.17222222222222222
0 0.6671875 0.15555555555555556 0.1125 0.09722222222222222
0 0.284375 0.7861111111111111 0.06875 0.1
0 0.525 0.17777777777777778 0.1046875 0.09166666666666666
0 0.065625 0.35555555555555557 0.128125 0.08055555555555556