0 0.6078125 0.25555555555555554 0.0265625 0.07222222222222222
0 0.634375 0.4666666666666667 0.0296875 0.08333333333333333
0 0.6921875 0.6194444444444445 0.0375 0.10555555555555556
0 0.621875 0.35833333333333334 0.03125 0.08888888888888889
0 0.6625 0.35555555555555557 0.0328125 0.09444444444444444
0 0.5921875 0.05277777777777778 0.028125 0.08055555555555556
0 0.6140625 0.7861111111111111 0.0328125 0.10277777777777777
0 0.56875 0.8555555555555555 0.0390625 0.12777777777777777
0 0.728125 0.9277777777777778 0.0421875 0.1361111111111111
0 0.68125 0.9416666666666667 0.0390625 0.11666666666666667
0 0.646875 0.23333333333333334 0.0375 0.11388888888888889
0 0.64375 0.5805555555555556 0.0328125 0.09166666666666666
0 0.6640625 0.7611111111111111 0.0359375 0.11666666666666667
0 0.55625 0.6916666666666667 0.0328125 0.1361111111111111
0 0.559375 0.11388888888888889 0.028125 0.10277777777777777
0 0.5265625 0.11944444444444445 0.025 0.08611111111111111
0 0.6015625 0.16666666666666666 0.028125 0.08055555555555556
0 0.63125 0.08055555555555556 0.0296875 0.08611111111111111
0 0.784375 0.5361111111111111 0.0640625 0.06944444444444445