0 0.3265625 0.38333333333333336 0.0578125 0.08611111111111111
0 0.384375 0.4583333333333333 0.0765625 0.06111111111111111
0 0.521875 0.825 0.0296875 0.125
0 0.721875 0.35555555555555557 0.0734375 0.058333333333333334
0 0.2 0.4388888888888889 0.071875 0.06111111111111111
0 0.7875 0.2777777777777778 0.0703125 0.05
0 0.04375 0.46111111111111114 0.0875 0.05555555555555555
0 0.9828125 0.2916666666666667 0.034375 0.05555555555555555
0 0.1515625 0.31666666666666665 0.0609375 0.05
0 0.91875 0.4861111111111111 0.071875 0.058333333333333334
0 0.5203125 0.03888888888888889 0.03125 0.07777777777777778
0 0.6875 0.4722222222222222 0.06875 0.058333333333333334
0 0.5953125 0.475 0.075 0.06111111111111111
0 0.9859375 0.48055555555555557 0.025 0.05277777777777778
0 0.7515625 0.55 0.0859375 0.06111111111111111
0 0.834375 0.4861111111111111 0.078125 0.058333333333333334