0 0.478125 0.4222222222222222 0.040625 0.17222222222222222
0 0.659375 0.17222222222222222 0.04375 0.16666666666666666
0 0.365625 0.15555555555555556 0.04375 0.16111111111111112
0 0.634375 0.8138888888888889 0.0578125 0.21666666666666667
0 0.3046875 0.7833333333333333 0.0609375 0.2111111111111111
0 0.7171875 0.1638888888888889 0.046875 0.19444444444444445
0 0.5734375 0.8138888888888889 0.0484375 0.225
0 0.78125 0.4222222222222222 0.0453125 0.14166666666666666
0 0.734375 0.425 0.0421875 0.17222222222222222
0 0.6875 0.41388888888888886 0.04375 0.18611111111111112
0 0.425 0.4111111111111111 0.0515625 0.17777777777777778
0 0.5078125 0.7833333333333333 0.05 0.2222222222222222
0 0.371875 0.7972222222222223 0.0546875 0.2111111111111111
0 0.5328125 0.1527777777777778 0.046875 0.18611111111111112
0 0.475 0.16111111111111112 0.0390625 0.15833333333333333
0 0.69375 0.8166666666666667 0.05625 0.2222222222222222
0 0.7625 0.8 0.0625 0.24722222222222223
0 0.6359375 0.4361111111111111 0.0390625 0.15
0 0.4375 0.7861111111111111 0.0453125 0.20833333333333334
0 0.6 0.13055555555555556 0.059375 0.2222222222222222
0 0.359375 0.37777777777777777 0.078125 0.21666666666666667
0 0.53125 0.4083333333333333 0.0421875 0.18888888888888888
0 0.5859375 0.4222222222222222 0.04375 0.2111111111111111
0 0.775 0.14444444444444443 0.053125 0.21388888888888888
0 0.4171875 0.15 0.0421875 0.175
0 0.177734375 0.4774305555555556 0.1845703125 0.4861111111111111 0.1923828125 0.4895833333333333 0.2060546875 0.4895833333333333 0.2119140625 0.4861111111111111 0.2265625 0.4600694444444444 0.23046875 0.296875 0.228515625 0.2621527777777778 0.224609375 0.24131944444444445 0.2197265625 0.2326388888888889 0.1865234375 0.23958333333333334 0.1787109375 0.24305555555555555 0.17578125 0.2482638888888889 0.173828125 0.265625 0.16796875 0.3489583333333333 0.16796875 0.3975694444444444 0.17578125 0.4704861111111111 0.177734375 0.4774305555555556
0 0.1689453125 0 0.16796875 0.001736111111111111 0.16796875 0.13020833333333334 0.171875 0.19270833333333334 0.173828125 0.203125 0.1826171875 0.21875 0.1923828125 0.2222222222222222 0.2041015625 0.2222222222222222 0.2119140625 0.21875 0.220703125 0.203125 0.216796875 0.0642361111111111 0.2109375 0.001736111111111111 0.2099609375 0 0.1689453125 0
0 0.1318359375 0.5069444444444444 0.1552734375 0.5069444444444444 0.158203125 0.4982638888888889 0.16015625 0.4704861111111111 0.16015625 0.4322916666666667 0.1591796875 0.4305555555555556 0.0693359375 0.4305555555555556 0.064453125 0.4357638888888889 0.0625 0.4461805555555556 0.060546875 0.4600694444444444 0.060546875 0.4913194444444444 0.0634765625 0.5 0.1318359375 0.5069444444444444
0 0.0712890625 0.6493055555555556 0.1494140625 0.6458333333333334 0.154296875 0.6371527777777778 0.154296875 0.5711805555555556 0.1455078125 0.5625 0.1318359375 0.5590277777777778 0.0927734375 0.5659722222222222 0.0576171875 0.5798611111111112 0.046875 0.5885416666666666 0.044921875 0.5989583333333334 0.044921875 0.6371527777777778 0.0478515625 0.6458333333333334 0.0712890625 0.6493055555555556
0 0.0712890625 0.8576388888888888 0.0888671875 0.8576388888888888 0.1298828125 0.8472222222222222 0.1474609375 0.8368055555555556 0.150390625 0.828125 0.150390625 0.8038194444444444 0.1484375 0.7795138888888888 0.1474609375 0.7777777777777778 0.1259765625 0.7777777777777778 0.0849609375 0.7881944444444444 0.0693359375 0.7951388888888888 0.064453125 0.8038194444444444 0.064453125 0.8350694444444444 0.06640625 0.8489583333333334 0.0712890625 0.8576388888888888
0 0.1064453125 0.7604166666666666 0.1435546875 0.7569444444444444 0.1494140625 0.7534722222222222 0.1552734375 0.7465277777777778 0.16015625 0.734375 0.16015625 0.703125 0.1552734375 0.6909722222222222 0.1474609375 0.6875 0.1337890625 0.6875 0.0888671875 0.6944444444444444 0.0751953125 0.6979166666666666 0.068359375 0.7065972222222222 0.06640625 0.7135416666666666 0.06640625 0.7447916666666666 0.0712890625 0.7604166666666666 0.1064453125 0.7604166666666666
0 0 0.4149305555555556 0.0009765625 0.4166666666666667 0.0068359375 0.4166666666666667 0.0126953125 0.4131944444444444 0.017578125 0.4045138888888889 0.017578125 0.2482638888888889 0.0146484375 0.23958333333333334 0.0068359375 0.2326388888888889 0.0009765625 0.2326388888888889 0 0.234375 0 0.4149305555555556
0 0.1376953125 0.3923611111111111 0.1572265625 0.3923611111111111 0.158203125 0.390625 0.15234375 0.3454861111111111 0.1494140625 0.3402777777777778 0.1435546875 0.3368055555555556 0.1103515625 0.3263888888888889 0.1044921875 0.3263888888888889 0.0986328125 0.3298611111111111 0.091796875 0.3385416666666667 0.087890625 0.3524305555555556 0.087890625 0.3732638888888889 0.0947265625 0.3819444444444444 0.1376953125 0.3923611111111111