0 0.0328125 0.6777777777777778 0.0640625 0.07777777777777778
0 0.51875 0.6666666666666666 0.0796875 0.07777777777777778
0 0.165625 0.5722222222222222 0.0859375 0.07222222222222222
0 0.253125 0.65 0.0828125 0.07222222222222222
0 0.078125 0.46111111111111114 0.078125 0.06666666666666667
0 0.3953125 0.37222222222222223 0.084375 0.06666666666666667
0 0.946875 0.5388888888888889 0.096875 0.06666666666666667
0 0.6078125 0.6861111111111111 0.084375 0.06666666666666667
0 0.353125 0.65 0.0890625 0.06944444444444445
0 0.803125 0.425 0.109375 0.06944444444444445
0 0.9265625 0.7222222222222222 0.0921875 0.07222222222222222
0 0.753125 0.7027777777777777 0.0734375 0.07222222222222222
0 0.0125 0.3888888888888889 0.0234375 0.06388888888888888
0 0.834375 0.7166666666666667 0.084375 0.08055555555555556
0 0.6625 0.6166666666666667 0.0953125 0.075