0 0.075 0.475 0.08125 0.06388888888888888
0 0.18125 0.4527777777777778 0.071875 0.06944444444444445
0 0.575 0.65 0.040625 0.16944444444444445
0 0.5 0.058333333333333334 0.0265625 0.07777777777777778
0 0.63125 0.14444444444444443 0.0265625 0.06666666666666667
0 0.6625 0.9666666666666667 0.0484375 0.06111111111111111
0 0.628125 0.05555555555555555 0.0296875 0.06944444444444445
0 0.45 0.9138888888888889 0.05 0.16944444444444445
0 0.2796875 0.43333333333333335 0.0796875 0.044444444444444446
0 0.5828125 0.05555555555555555 0.0265625 0.08333333333333333
0 0.503125 0.011111111111111112 0.025 0.022222222222222223