0 0.1984375 0.20555555555555555 0.0484375 0.08055555555555556
0 0.1765625 0.11944444444444445 0.053125 0.08611111111111111
0 0.778125 0.4888888888888889 0.046875 0.041666666666666664
0 0.071875 0.40555555555555556 0.0625 0.1
0 0.771875 0.36666666666666664 0.053125 0.08611111111111111
0 0.7296875 0.37222222222222223 0.0546875 0.10555555555555556
0 0.840625 0.4388888888888889 0.0515625 0.04722222222222222
0 0.8484375 0.35555555555555557 0.046875 0.08055555555555556
0 0.2875 0.07222222222222222 0.0625 0.1
0 0.471875 0.7222222222222222 0.05 0.03611111111111111
0 0.8953125 0.3638888888888889 0.0546875 0.1
0 0.8046875 0.35555555555555557 0.040625 0.075
0 0.390625 0.6861111111111111 0.0515625 0.041666666666666664
0 0.165625 0.7111111111111111 0.0578125 0.044444444444444446
0 0.475 0.38055555555555554 0.0515625 0.09722222222222222
0 0.5984375 0.3638888888888889 0.05 0.08611111111111111
0 0.5328125 0.40555555555555556 0.0453125 0.07777777777777778
0 0.63125 0.7138888888888889 0.0328125 0.03888888888888889
0 0.590625 0.5166666666666667 0.0515625 0.044444444444444446
0 0.56875 0.7194444444444444 0.05 0.03888888888888889
0 0.6375 0.43333333333333335 0.05 0.04722222222222222
0 0.359375 0.5027777777777778 0.05 0.041666666666666664
0 0.990625 0.08333333333333333 0.015625 0.05277777777777778
0 0.4892578125 0.6770833333333334 0.5283203125 0.6805555555555556 0.533203125 0.6684027777777778 0.533203125 0.6510416666666666 0.5263671875 0.6423611111111112 0.5146484375 0.6388888888888888 0.4833984375 0.6388888888888888 0.482421875 0.640625 0.48046875 0.6475694444444444 0.48046875 0.6649305555555556 0.4853515625 0.6736111111111112 0.4892578125 0.6770833333333334
0 0.8154296875 0.6527777777777778 0.8349609375 0.6527777777777778 0.8505859375 0.6493055555555556 0.853515625 0.640625 0.853515625 0.6232638888888888 0.8466796875 0.6145833333333334 0.8134765625 0.6180555555555556 0.810546875 0.6232638888888888 0.80859375 0.6302083333333334 0.80859375 0.6371527777777778 0.810546875 0.6475694444444444 0.8154296875 0.6527777777777778
0 0.5390625 0.3732638888888889 0.5634765625 0.4166666666666667 0.5693359375 0.4166666666666667 0.583984375 0.390625 0.583984375 0.3836805555555556 0.578125 0.3697916666666667 0.5595703125 0.3368055555555556 0.5439453125 0.3159722222222222 0.5380859375 0.3159722222222222 0.52734375 0.3350694444444444 0.52734375 0.3454861111111111 0.529296875 0.3524305555555556 0.5390625 0.3732638888888889