0 0.4 0.17222222222222222 0.0875 0.175
0 0.2375 0.15833333333333333 0.0859375 0.16111111111111112
0 0.315625 0.175 0.0875 0.16666666666666666
0 0.4890625 0.1638888888888889 0.0875 0.17222222222222222
0 0.7265625 0.175 0.075 0.17222222222222222
0 0.571875 0.1638888888888889 0.0875 0.18333333333333332
0 0.159375 0.13333333333333333 0.096875 0.17222222222222222
0 0.6484375 0.18333333333333332 0.084375 0.18333333333333332
0 0.740625 0.45 0.1125 0.08055555555555556
0 0.3359375 0.42777777777777776 0.096875 0.07222222222222222
0 0.6140625 0.44722222222222224 0.103125 0.07222222222222222
0 0.9796875 0.4638888888888889 0.040625 0.075
0 0.0796875 0.725 0.1015625 0.08333333333333333
0 0.5421875 0.7333333333333333 0.1125 0.09444444444444444
0 0.6796875 0.7333333333333333 0.1359375 0.09722222222222222
0 0.346875 0.7333333333333333 0.121875 0.09444444444444444