0 0.590625 0.4444444444444444 0.0640625 0.08611111111111111
0 0.484375 0.6694444444444444 0.0375 0.12222222222222222
0 0.6625 0.36666666666666664 0.0703125 0.09444444444444444
0 0.4265625 0.6527777777777778 0.040625 0.12222222222222222
0 0.54375 0.6722222222222223 0.0390625 0.11388888888888889
0 0.721875 0.26666666666666666 0.009375 0.06388888888888888
0 0.159375 0.5111111111111111 0.0546875 0.07222222222222222
0 0.6921875 0.6611111111111111 0.0328125 0.1527777777777778
0 0.60625 0.6555555555555556 0.0515625 0.15
0 0.3515625 0.6888888888888889 0.0390625 0.06944444444444445
0 0.6828125 0.28055555555555556 0.0515625 0.07222222222222222