0 0.1828125 0.4861111111111111 0.10625 0.1
0 0.6984375 0.3638888888888889 0.0640625 0.19722222222222222
0 0.4296875 0.4888888888888889 0.1109375 0.09722222222222222
0 0.2921875 0.31666666666666665 0.1171875 0.1
0 0.859375 0.5722222222222222 0.125 0.10833333333333334
0 0.8515625 0.3111111111111111 0.10625 0.2222222222222222
0 0.159375 0.31666666666666665 0.1109375 0.10277777777777777
0 0.6796875 0.05277777777777778 0.04375 0.10277777777777777
0 0.540625 0.3138888888888889 0.109375 0.09166666666666666
0 0.078125 0.7277777777777777 0.11875 0.1
0 0.4234375 0.32222222222222224 0.1265625 0.09444444444444444