0 0.4625 0.25833333333333336 0.084375 0.06666666666666667
0 0.296875 0.5555555555555556 0.0578125 0.18333333333333332
0 0.2109375 0.08611111111111111 0.075 0.1111111111111111
0 0.9109375 0.2611111111111111 0.096875 0.075
0 0.7609375 0.4527777777777778 0.08125 0.17222222222222222
0 0.8296875 0.44166666666666665 0.0953125 0.18888888888888888
0 0.565625 0.5111111111111111 0.0828125 0.2
0 0.625 0.4777777777777778 0.0875 0.19444444444444445
0 0.4953125 0.5194444444444445 0.0703125 0.20277777777777778
0 0.425 0.5277777777777778 0.0625 0.20555555555555555
0 0.3640625 0.5416666666666666 0.0671875 0.20277777777777778
0 0.70625 0.5055555555555555 0.0578125 0.09444444444444444
0 0.209375 0.013888888888888888 0.0359375 0.027777777777777776