0 0.3671875 0.15 0.0234375 0.07222222222222222
0 0.6515625 0.14722222222222223 0.025 0.06666666666666667
0 0.71875 0.2361111111111111 0.0359375 0.041666666666666664
0 0.6390625 0.9666666666666667 0.01875 0.06388888888888888
0 0.728125 0.35 0.03125 0.05555555555555555
0 0.228125 0.3277777777777778 0.0390625 0.044444444444444446
0 0.3515625 0.6777777777777778 0.034375 0.044444444444444446
0 0.771875 0.25555555555555554 0.0390625 0.03888888888888889
0 0.1828125 0.5944444444444444 0.0390625 0.03333333333333333
0 0.1546875 0.6416666666666667 0.0359375 0.03333333333333333
0 0.421875 0.75 0.0375 0.041666666666666664
0 0.228125 0.6694444444444444 0.0453125 0.041666666666666664
0 0.675 0.7694444444444445 0.0328125 0.07777777777777778
0 0.446875 0.9583333333333334 0.025 0.06944444444444445
0 0.0890625 0.6416666666666667 0.0421875 0.030555555555555555
0 0.0953125 0.375 0.0390625 0.03611111111111111
0 0.384375 0.2722222222222222 0.03125 0.08611111111111111
0 0.5890625 0.9555555555555556 0.0234375 0.08611111111111111
0 0.1484375 0.6916666666666667 0.0421875 0.030555555555555555
0 0.6703125 0.6611111111111111 0.025 0.05555555555555555
0 0.4 0.03611111111111111 0.021875 0.06944444444444445
0 0.265625 0.625 0.04375 0.044444444444444446
0 0.6203125 0.025 0.03125 0.05
0 0.228125 0.7083333333333334 0.0421875 0.03888888888888889
0 0.7984375 0.30833333333333335 0.040625 0.03333333333333333
0 0.09375 0.6944444444444444 0.04375 0.03333333333333333
0 0.1 0.5944444444444444 0.0265625 0.03611111111111111
0 0.06875 0.058333333333333334 0.0390625 0.030555555555555555
0 0.315625 0.7055555555555556 0.040625 0.044444444444444446
0 0.0265625 0.6555555555555556 0.0515625 0.044444444444444446
0 0.0828125 0.016666666666666666 0.05 0.030555555555555555
0 0.0109375 0.9527777777777777 0.0203125 0.075
0 0.934375 0.5888888888888889 0.05 0.041666666666666664