0 0.7265625 0.41944444444444445 0.021875 0.06944444444444445
0 0.2796875 0.25 0.0328125 0.05555555555555555
0 0.30625 0.3388888888888889 0.034375 0.044444444444444446
0 0.35625 0.5527777777777778 0.01875 0.06111111111111111
0 0.1484375 0.3638888888888889 0.0484375 0.058333333333333334
0 0.5625 0.18055555555555555 0.0390625 0.041666666666666664
0 0.9515625 0.24722222222222223 0.0390625 0.03333333333333333
0 0.3640625 0.15833333333333333 0.021875 0.06944444444444445
0 0.7984375 0.26944444444444443 0.0359375 0.03888888888888889
0 0.2078125 0.6444444444444445 0.040625 0.03611111111111111
0 0.5125 0.775 0.040625 0.03333333333333333
0 0.421875 0.7361111111111112 0.0390625 0.04722222222222222
0 0.3734375 0.7694444444444445 0.040625 0.05277777777777778
0 0.2734375 0.6277777777777778 0.05 0.04722222222222222
0 0.4265625 0.027777777777777776 0.0203125 0.05555555555555555
0 0.7796875 0.5 0.0265625 0.058333333333333334
0 0.0203125 0.5944444444444444 0.0390625 0.03333333333333333
0 0.88125 0.6638888888888889 0.040625 0.03888888888888889
0 0.046875 0.6361111111111111 0.04375 0.030555555555555555
0 0.1625 0.5916666666666667 0.0359375 0.030555555555555555
0 0.771875 0.30833333333333335 0.040625 0.041666666666666664
0 0.6859375 0.40555555555555556 0.01875 0.044444444444444446
0 0.6015625 0.7777777777777778 0.0359375 0.03611111111111111
0 0.2796875 0.6861111111111111 0.0421875 0.044444444444444446
0 0.034375 0.6805555555555556 0.04375 0.030555555555555555
0 0.1203125 0.6277777777777778 0.0390625 0.027777777777777776
0 0.0671875 0.05277777777777778 0.0390625 0.03333333333333333
0 0.9765625 0.9722222222222222 0.0453125 0.05277777777777778
0 0.0859375 0.013888888888888888 0.05 0.025