0 0.4109375 0.3611111111111111 0.0390625 0.1527777777777778
0 0.49375 0.06388888888888888 0.03125 0.11666666666666667
0 0.825 0.3138888888888889 0.05625 0.19166666666666668
0 0.8140625 0.13333333333333333 0.04375 0.15
0 0.4796875 0.3138888888888889 0.0390625 0.1638888888888889
0 0.8609375 0.08333333333333333 0.05 0.15833333333333333
0 0.590625 0.011111111111111112 0.0328125 0.022222222222222223
0 0.8875 0.4083333333333333 0.05 0.1638888888888889
0 0.871875 0.24444444444444444 0.0453125 0.14444444444444443
0 0.8798828125 0.6701388888888888 0.8876953125 0.6736111111111112 0.9033203125 0.6736111111111112 0.9150390625 0.6666666666666666 0.919921875 0.6579861111111112 0.919921875 0.609375 0.916015625 0.5607638888888888 0.91015625 0.5121527777777778 0.9052734375 0.5034722222222222 0.8896484375 0.5 0.8720703125 0.5034722222222222 0.869140625 0.5086805555555556 0.869140625 0.515625 0.876953125 0.6649305555555556 0.8798828125 0.6701388888888888
0 0.8232421875 0.6319444444444444 0.8291015625 0.6354166666666666 0.8447265625 0.6354166666666666 0.8564453125 0.6319444444444444 0.861328125 0.6232638888888888 0.861328125 0.5885416666666666 0.859375 0.5260416666666666 0.85546875 0.4704861111111111 0.853515625 0.4600694444444444 0.8505859375 0.4548611111111111 0.8115234375 0.4548611111111111 0.80859375 0.4600694444444444 0.80859375 0.5052083333333334 0.818359375 0.6232638888888888 0.8232421875 0.6319444444444444