0 0.6609375 0.1638888888888889 0.0546875 0.07777777777777778
0 0.56875 0.027777777777777776 0.053125 0.05277777777777778
0 0.3578125 0.8944444444444445 0.0703125 0.08888888888888889
0 0.4578125 0.016666666666666666 0.046875 0.03333333333333333
0 0.6078125 0.08888888888888889 0.053125 0.075
0 0.5125 0.025 0.0609375 0.05
0 0.53125 0.9666666666666667 0.0796875 0.06388888888888888
0 0.628125 0.13055555555555556 0.065625 0.08888888888888889
0 0.1734375 0.125 0.040625 0.11666666666666667
0 0.1265625 0.13333333333333333 0.0421875 0.11666666666666667
0 0.078125 0.1111111111111111 0.0453125 0.11666666666666667
0 0.7451171875 0.6666666666666666 0.7646484375 0.6666666666666666 0.76953125 0.6579861111111112 0.76953125 0.5677083333333334 0.767578125 0.5607638888888888 0.7607421875 0.5520833333333334 0.7548828125 0.5486111111111112 0.7431640625 0.5486111111111112 0.7421875 0.5503472222222222 0.73828125 0.5642361111111112 0.73828125 0.6545138888888888 0.740234375 0.6614583333333334 0.7451171875 0.6666666666666666
0 0.6103515625 0.6527777777777778 0.61328125 0.6475694444444444 0.615234375 0.5260416666666666 0.6123046875 0.5208333333333334 0.6064453125 0.5173611111111112 0.5927734375 0.5173611111111112 0.58984375 0.5225694444444444 0.587890625 0.5364583333333334 0.5859375 0.6024305555555556 0.5859375 0.6475694444444444 0.5888671875 0.6527777777777778 0.6103515625 0.6527777777777778