0 0.05625 0.25833333333333336 0.0546875 0.05555555555555555
0 0.196875 0.35 0.0625 0.05555555555555555
0 0.01875 0.3388888888888889 0.0375 0.058333333333333334
0 0.559375 0.49722222222222223 0.0609375 0.044444444444444446
0 0.659375 0.3972222222222222 0.06875 0.05555555555555555
0 0.2546875 0.43333333333333335 0.0578125 0.05555555555555555
0 0.984375 0.6305555555555555 0.028125 0.05
0 0.321875 0.6916666666666667 0.0671875 0.05277777777777778
0 0.384375 0.475 0.059375 0.058333333333333334
0 0.471875 0.4722222222222222 0.0578125 0.044444444444444446
0 0.753125 0.6666666666666666 0.0578125 0.04722222222222222
0 0.128125 0.6611111111111111 0.0671875 0.04722222222222222
0 0.31875 0.38055555555555554 0.06875 0.058333333333333334
0 0.4625 0.40555555555555556 0.065625 0.05277777777777778