0 0.6578125 0.37222222222222223 0.0796875 0.09166666666666666
0 0.2234375 0.7305555555555555 0.078125 0.06388888888888888
0 0.0984375 0.7611111111111111 0.0921875 0.075
0 0.26875 0.6333333333333333 0.0625 0.05277777777777778
0 0.96875 0.3194444444444444 0.0609375 0.06666666666666667
0 0.8609375 0.3138888888888889 0.0859375 0.06388888888888888
0 0.59375 0.4222222222222222 0.0609375 0.05277777777777778
0 0.1625 0.6277777777777778 0.0796875 0.06111111111111111
0 0.01875 0.24444444444444444 0.0375 0.05555555555555555
0 0.765625 0.3 0.0875 0.06111111111111111
0 0.553125 0.9888888888888889 0.0390625 0.022222222222222223
0 0 0.796875 0.0009765625 0.7986111111111112 0.0048828125 0.7986111111111112 0.0126953125 0.7951388888888888 0.017578125 0.7864583333333334 0.01953125 0.7795138888888888 0.01953125 0.765625 0.017578125 0.7552083333333334 0.0146484375 0.75 0.0087890625 0.7465277777777778 0.0009765625 0.7465277777777778 0 0.7482638888888888 0 0.796875