0 0.6421875 0.3888888888888889 0.0203125 0.06666666666666667
0 0.446875 0.5194444444444445 0.0234375 0.08611111111111111
0 0.3453125 0.15833333333333333 0.04375 0.04722222222222222
0 0.6015625 0.4166666666666667 0.0203125 0.07222222222222222
0 0.340625 0.20277777777777778 0.046875 0.044444444444444446
0 0.5734375 0.14722222222222223 0.015625 0.044444444444444446
0 0.6578125 0.7083333333333334 0.025 0.08611111111111111
0 0.471875 0.3055555555555556 0.0203125 0.06666666666666667
0 0.4140625 0.26944444444444443 0.021875 0.058333333333333334
0 0.6515625 0.5638888888888889 0.034375 0.12777777777777777
0 0.671875 0.9444444444444444 0.0296875 0.1111111111111111
0 0.5703125 0.022222222222222223 0.015625 0.041666666666666664
0 0.5796875 0.9611111111111111 0.0265625 0.07777777777777778