0 0.146875 0.525 0.0859375 0.07777777777777778
0 0.2765625 0.5333333333333333 0.0859375 0.07777777777777778
0 0.50625 0.5527777777777778 0.0703125 0.06666666666666667
0 0.1453125 0.6361111111111111 0.0859375 0.06944444444444445
0 0.35625 0.7555555555555555 0.0796875 0.06944444444444445
0 0.0390625 0.6305555555555555 0.0765625 0.06944444444444445
0 0.6390625 0.7861111111111111 0.0921875 0.08055555555555556
0 0.2609375 0.6388888888888888 0.0875 0.07777777777777778
0 0.409375 0.5444444444444444 0.0828125 0.07222222222222222
0 0.0125 0.4361111111111111 0.025 0.058333333333333334
0 0.828125 0.25833333333333336 0.040625 0.09722222222222222
0 0.203125 0.7583333333333333 0.084375 0.06944444444444445
0 0.7953125 0.7888888888888889 0.0875 0.07777777777777778
0 0.55 0.7611111111111111 0.08125 0.075
0 0.384375 0.6444444444444445 0.0859375 0.07222222222222222
0 0.0609375 0.7444444444444445 0.103125 0.07222222222222222
0 0.9078125 0.8 0.0953125 0.075
0 0.3037109375 0.4895833333333333 0.3076171875 0.4930555555555556 0.3759765625 0.4930555555555556 0.390625 0.484375 0.392578125 0.4670138888888889 0.392578125 0.4496527777777778 0.390625 0.4357638888888889 0.3837890625 0.4270833333333333 0.3212890625 0.4236111111111111 0.3037109375 0.4270833333333333 0.298828125 0.4357638888888889 0.296875 0.4496527777777778 0.296875 0.4670138888888889 0.298828125 0.4809027777777778 0.3037109375 0.4895833333333333
0 0 0.5572916666666666 0.0048828125 0.5625 0.0537109375 0.5590277777777778 0.0576171875 0.5555555555555556 0.0625 0.546875 0.0625 0.5052083333333334 0.0556640625 0.4965277777777778 0.0009765625 0.4965277777777778 0 0.4982638888888889 0 0.5572916666666666
0 0.7333984375 0.5868055555555556 0.8232421875 0.5868055555555556 0.826171875 0.5815972222222222 0.826171875 0.5329861111111112 0.8212890625 0.5277777777777778 0.7880859375 0.5243055555555556 0.7412109375 0.5243055555555556 0.7275390625 0.5277777777777778 0.7265625 0.5295138888888888 0.72265625 0.5399305555555556 0.72265625 0.5746527777777778 0.7275390625 0.5833333333333334 0.7333984375 0.5868055555555556
0 0.802734375 0.3350694444444444 0.8046875 0.3211805555555556 0.806640625 0.2690972222222222 0.806640625 0.234375 0.8046875 0.2170138888888889 0.7998046875 0.21180555555555555 0.7763671875 0.21180555555555555 0.771484375 0.2204861111111111 0.76953125 0.22743055555555555 0.767578125 0.328125 0.7705078125 0.3368055555555556 0.7998046875 0.3402777777777778 0.802734375 0.3350694444444444