0 0.1984375 0.5472222222222223 0.103125 0.08055555555555556
0 0.24375 0.4027777777777778 0.0859375 0.07222222222222222
0 0.346875 0.40555555555555556 0.1015625 0.06944444444444445
0 0.4703125 0.4111111111111111 0.0875 0.07222222222222222
0 0.6 0.40555555555555556 0.10625 0.07222222222222222
0 0.1546875 0.7388888888888889 0.0875 0.06666666666666667
0 0.25625 0.7388888888888889 0.0859375 0.06944444444444445
0 0.365625 0.7444444444444445 0.075 0.058333333333333334
0 0.459375 0.7416666666666667 0.078125 0.075
0 0.5546875 0.7416666666666667 0.078125 0.07222222222222222
0 0.665625 0.7388888888888889 0.0734375 0.06666666666666667
0 0.8375 0.4166666666666667 0.0984375 0.058333333333333334
0 0.9875 0.4222222222222222 0.0234375 0.06111111111111111