0 0.51875 0.36666666666666664 0.0515625 0.041666666666666664
0 0.240625 0.3472222222222222 0.053125 0.041666666666666664
0 0.9296875 0.08333333333333333 0.034375 0.08055555555555556
0 0.2609375 0.4 0.0515625 0.041666666666666664
0 0.45625 0.37222222222222223 0.0640625 0.04722222222222222
0 0.29375 0.45 0.053125 0.044444444444444446
0 0.1109375 0.26944444444444443 0.040625 0.1111111111111111
0 0.3046875 0.35 0.0625 0.044444444444444446
0 0.390625 0.35555555555555557 0.0609375 0.04722222222222222
0 0.590625 0.37222222222222223 0.0671875 0.04722222222222222
0 0.9345703125 1 0.935546875 0.9982638888888888 0.935546875 0.9878472222222222 0.927734375 0.9288194444444444 0.9208984375 0.9201388888888888 0.9111328125 0.9201388888888888 0.8994140625 0.9236111111111112 0.896484375 0.9288194444444444 0.892578125 0.9427083333333334 0.900390625 0.9947916666666666 0.9033203125 1 0.9345703125 1