0 0.903125 0.7944444444444444 0.096875 0.11944444444444445
0 0.2171875 0.7111111111111111 0.0921875 0.06944444444444445
0 0.4125 0.7277777777777777 0.090625 0.075
0 0.096875 0.8055555555555556 0.08125 0.075
0 0.53125 0.625 0.0875 0.07222222222222222
0 0.3921875 0.525 0.0859375 0.07222222222222222
0 0.315625 0.6222222222222222 0.1078125 0.075
0 0.1890625 0.5027777777777778 0.08125 0.058333333333333334
0 0.953125 0.7194444444444444 0.090625 0.10833333333333334
0 0.040625 0.5944444444444444 0.08125 0.06944444444444445
0 0.0234375 0.19444444444444445 0.0453125 0.07222222222222222
0 0.05 0.5 0.1 0.06666666666666667
0 0.684375 0.5694444444444444 0.1015625 0.08333333333333333