0 0.05625 0.4888888888888889 0.1125 0.15
0 0.74375 0.32222222222222224 0.11875 0.11944444444444445
0 0.1328125 0.7138888888888889 0.1359375 0.15
0 0.940625 0.6972222222222222 0.1171875 0.14444444444444443
0 0.509375 0.6611111111111111 0.1375 0.11944444444444445
0 0.83125 0.1388888888888889 0.1140625 0.14166666666666666
0 0.8734375 0.5666666666666667 0.1390625 0.16111111111111112
0 0.53125 0.8027777777777778 0.140625 0.12222222222222222
0 0.9625 0.425 0.071875 0.14444444444444443
0 0.7046875 0.2111111111111111 0.1140625 0.12222222222222222
0 0.346875 0.8083333333333333 0.1328125 0.14166666666666666
0 0.7359375 0.7944444444444444 0.171875 0.15
0 0.690625 0.6472222222222223 0.1234375 0.1111111111111111
0 0.234375 0.5805555555555556 0.175 0.16666666666666666