0 0.9015625 0.4 0.078125 0.06388888888888888
0 0.94375 0.5027777777777778 0.08125 0.06666666666666667
0 0.6546875 0.5 0.08125 0.06666666666666667
0 0.6171875 0.33055555555555555 0.078125 0.06111111111111111
0 0.1671875 0.3111111111111111 0.084375 0.06666666666666667
0 0.4796875 0.49722222222222223 0.08125 0.06666666666666667
0 0.7203125 0.4083333333333333 0.075 0.06944444444444445
0 0.4890625 0.40555555555555556 0.0984375 0.06944444444444445
0 0.3703125 0.31666666666666665 0.08125 0.06666666666666667
0 0.3078125 0.4777777777777778 0.0921875 0.075
0 0.88125 0.9388888888888889 0.059375 0.11666666666666667
0 0.078125 0.32222222222222224 0.0875 0.05555555555555555
0 0.28125 0.31666666666666665 0.08125 0.05
0 0.2890625 0.37222222222222223 0.103125 0.08888888888888889
0 0.4015625 0.6638888888888889 0.0390625 0.13333333333333333
0 0.878125 0.011111111111111112 0.03125 0.022222222222222223
0 0.490625 0.32222222222222224 0.0921875 0.06666666666666667
0 0.8703125 0.09166666666666666 0.04375 0.14722222222222223