0 0.43125 0.2361111111111111 0.0765625 0.06111111111111111
0 0.421875 0.4527777777777778 0.0796875 0.06388888888888888
0 0.428125 0.3111111111111111 0.078125 0.06111111111111111
0 0.425 0.37777777777777777 0.078125 0.06111111111111111
0 0.49375 0.24722222222222223 0.03125 0.11388888888888889
0 0.4171875 0.5222222222222223 0.08125 0.06388888888888888
0 0.4171875 0.6027777777777777 0.08125 0.06111111111111111
0 0.61875 0.2833333333333333 0.03125 0.13055555555555556
0 0.6140625 0.4444444444444444 0.0328125 0.1361111111111111
0 0.5890625 0.775 0.0828125 0.06111111111111111
0 0.5921875 0.6222222222222222 0.08125 0.058333333333333334
0 0.5203125 0.7944444444444444 0.0328125 0.1527777777777778
0 0.571875 0.4361111111111111 0.03125 0.1361111111111111
0 0.59375 0.6972222222222222 0.0828125 0.06388888888888888
0 0.5953125 0.5555555555555556 0.08125 0.06111111111111111
0 0.4140625 0.6527777777777778 0.08125 0.025
0 0.5265625 0.6055555555555555 0.0359375 0.175
0 0.4931640625 0.7708333333333334 0.49609375 0.7621527777777778 0.498046875 0.6788194444444444 0.498046875 0.6059027777777778 0.4951171875 0.6006944444444444 0.4677734375 0.6006944444444444 0.46484375 0.6059027777777778 0.46484375 0.6614583333333334 0.490234375 0.7690972222222222 0.4931640625 0.7708333333333334