0 0.0546875 0.7527777777777778 0.046875 0.1111111111111111
0 0.15625 0.4361111111111111 0.071875 0.1
0 0.096875 0.4166666666666667 0.08125 0.125
0 0.5046875 0.4083333333333333 0.06875 0.05555555555555555
0 0.01875 0.6583333333333333 0.0359375 0.11388888888888889
0 0.2515625 0.39444444444444443 0.0796875 0.06944444444444445
0 0.7546875 0.19444444444444445 0.034375 0.11388888888888889
0 0.7859375 0.43333333333333335 0.0671875 0.058333333333333334
0 0.1078125 0.5694444444444444 0.0484375 0.12777777777777777
0 0.7859375 0.7722222222222223 0.034375 0.10833333333333334
0 0.021875 0.9444444444444444 0.0421875 0.10833333333333334
0 0.5890625 0.3972222222222222 0.065625 0.058333333333333334
0 0.7484375 0.8138888888888889 0.053125 0.1388888888888889
0 0.8609375 0.48333333333333334 0.065625 0.05277777777777778
0 0.80625 0.08333333333333333 0.034375 0.08611111111111111
0 0.378125 0.4 0.0796875 0.05555555555555555
0 0.6703125 0.4305555555555556 0.0703125 0.05555555555555555
0 0.93125 0.46944444444444444 0.0671875 0.05277777777777778
0 0.5734375 0.7555555555555555 0.08125 0.06944444444444445
0 0.990625 0.4666666666666667 0.0171875 0.058333333333333334
0 0.790625 0.6444444444444445 0.0359375 0.11666666666666667