0 0.9453125 0.44722222222222224 0.1078125 0.08055555555555556
0 0.678125 0.4861111111111111 0.1015625 0.07777777777777778
0 0.3234375 0.04722222222222222 0.0515625 0.09166666666666666
0 0.1765625 0.022222222222222223 0.0484375 0.044444444444444446
0 0.8078125 0.42777777777777776 0.1015625 0.07777777777777778
0 0.98125 0.325 0.0375 0.07777777777777778
0 0.95 0.5472222222222223 0.096875 0.07222222222222222
0 0.596875 0.39166666666666666 0.1234375 0.12222222222222222
0 0.803125 0.32222222222222224 0.0828125 0.06388888888888888
0 0.89375 0.325 0.0953125 0.075
0 0.3265625 0.9555555555555556 0.05625 0.08333333333333333
0 0.8125 0.5416666666666666 0.1234375 0.08333333333333333