0 0.4 0.3972222222222222 0.0875 0.06944444444444445
0 0.7203125 0.4083333333333333 0.0875 0.075
0 0.16875 0.5138888888888888 0.090625 0.06944444444444445
0 0.2890625 0.5277777777777778 0.090625 0.07222222222222222
0 0.04375 0.5083333333333333 0.084375 0.07222222222222222
0 0.2421875 0.3888888888888889 0.1015625 0.06944444444444445
0 0.953125 0.39444444444444443 0.0921875 0.07777777777777778
0 0.434375 0.9611111111111111 0.0890625 0.075
0 0.9015625 0.5416666666666666 0.0984375 0.08055555555555556
0 0.775 0.525 0.08125 0.07222222222222222
0 0.1125 0.4027777777777778 0.096875 0.06666666666666667
0 0.43125 0.8555555555555555 0.09375 0.07777777777777778