0 0.3078125 0.40555555555555556 0.021875 0.06944444444444445
0 0.2234375 0.8166666666666667 0.034375 0.08333333333333333
0 0.3890625 0.4111111111111111 0.01875 0.06944444444444445
0 0.2 0.7944444444444444 0.034375 0.07777777777777778
0 0.303125 0.8583333333333333 0.0359375 0.09166666666666666
0 0.3328125 0.40555555555555556 0.0265625 0.075
0 0.359375 0.15555555555555556 0.0203125 0.07777777777777778
0 0.0296875 0.4583333333333333 0.0578125 0.058333333333333334
0 0.275 0.8472222222222222 0.03125 0.08055555555555556
0 0.503125 0.39166666666666666 0.053125 0.05
0 0.9359375 0.030555555555555555 0.0390625 0.058333333333333334