0 0.6453125 0.2638888888888889 0.0796875 0.06388888888888888
0 0.540625 0.28055555555555556 0.08125 0.06388888888888888
0 0.365625 0.5805555555555556 0.078125 0.06666666666666667
0 0.18125 0.2972222222222222 0.071875 0.058333333333333334
0 0.740625 0.26666666666666666 0.0765625 0.05555555555555555
0 0.840625 0.2611111111111111 0.0859375 0.06666666666666667
0 0.884375 0.5611111111111111 0.0765625 0.058333333333333334
0 0.4390625 0.2777777777777778 0.0734375 0.058333333333333334
0 0.0828125 0.29444444444444445 0.0671875 0.058333333333333334
0 0.3046875 0.2777777777777778 0.0890625 0.06388888888888888
0 0.2900390625 0.6284722222222222 0.2978515625 0.625 0.302734375 0.6128472222222222 0.302734375 0.5850694444444444 0.30078125 0.578125 0.2958984375 0.5694444444444444 0.2666015625 0.5694444444444444 0.2333984375 0.5729166666666666 0.2236328125 0.5763888888888888 0.21875 0.5850694444444444 0.21875 0.6163194444444444 0.2255859375 0.6284722222222222 0.2900390625 0.6284722222222222
0 0.4423828125 0.6111111111111112 0.4951171875 0.6145833333333334 0.5166015625 0.6041666666666666 0.51953125 0.5954861111111112 0.51953125 0.5711805555555556 0.5146484375 0.5590277777777778 0.5009765625 0.5555555555555556 0.4443359375 0.5590277777777778 0.4404296875 0.5625 0.435546875 0.5711805555555556 0.431640625 0.5885416666666666 0.431640625 0.5954861111111112 0.4384765625 0.6076388888888888 0.4423828125 0.6111111111111112
0 0.5419921875 0.6041666666666666 0.5517578125 0.6076388888888888 0.6005859375 0.6076388888888888 0.6083984375 0.6041666666666666 0.61328125 0.5954861111111112 0.615234375 0.5885416666666666 0.615234375 0.5572916666666666 0.6083984375 0.5486111111111112 0.5654296875 0.5486111111111112 0.5458984375 0.5520833333333334 0.5400390625 0.5555555555555556 0.53515625 0.5642361111111112 0.53515625 0.5920138888888888 0.537109375 0.5989583333333334 0.5419921875 0.6041666666666666
0 0.7041015625 0.6111111111111112 0.712890625 0.5850694444444444 0.712890625 0.5677083333333334 0.7099609375 0.5520833333333334 0.6552734375 0.5520833333333334 0.65234375 0.5572916666666666 0.650390625 0.5642361111111112 0.650390625 0.5850694444444444 0.6533203125 0.5972222222222222 0.7041015625 0.6111111111111112
0 0.0107421875 0.625 0.0517578125 0.625 0.0771484375 0.6215277777777778 0.080078125 0.6163194444444444 0.080078125 0.5815972222222222 0.078125 0.5746527777777778 0.0732421875 0.5694444444444444 0.0341796875 0.5694444444444444 0.0126953125 0.5763888888888888 0.0087890625 0.5798611111111112 0.00390625 0.5885416666666666 0.00390625 0.6128472222222222 0.005859375 0.6197916666666666 0.0107421875 0.625
0 0.1298828125 0.6215277777777778 0.1884765625 0.625 0.1982421875 0.6215277777777778 0.205078125 0.6128472222222222 0.205078125 0.5746527777777778 0.1943359375 0.5659722222222222 0.1455078125 0.5659722222222222 0.1318359375 0.5694444444444444 0.1279296875 0.5729166666666666 0.123046875 0.5815972222222222 0.123046875 0.609375 0.125 0.6163194444444444 0.1298828125 0.6215277777777778