0 0.68125 0.3416666666666667 0.0453125 0.03888888888888889
0 0.421875 0.21944444444444444 0.0578125 0.03888888888888889
0 0.5765625 0.34444444444444444 0.0453125 0.03333333333333333
0 0.0296875 0.3416666666666667 0.0515625 0.041666666666666664
0 0.615625 0.2777777777777778 0.0625 0.03888888888888889
0 0.421875 0.35 0.059375 0.044444444444444446
0 0.803125 0.26944444444444443 0.0578125 0.041666666666666664
0 0.071875 0.275 0.0703125 0.04722222222222222
0 0.321875 0.3416666666666667 0.046875 0.041666666666666664
0 0.18125 0.2777777777777778 0.0609375 0.044444444444444446
0 0.36875 0.9222222222222223 0.0421875 0.04722222222222222
0 0.096875 0.5277777777777778 0.0578125 0.041666666666666664
0 0.9515625 0.2916666666666667 0.06875 0.041666666666666664
0 0.1921875 0.34444444444444444 0.0640625 0.044444444444444446