0 0.29375 0.17222222222222222 0.05625 0.09444444444444444
0 0.9734375 0.43333333333333335 0.05 0.05277777777777778
0 0.1796875 0.40555555555555556 0.065625 0.058333333333333334
0 0.1015625 0.6055555555555555 0.071875 0.06666666666666667
0 0.2 0.5805555555555556 0.09375 0.08055555555555556
0 0.90625 0.4388888888888889 0.0640625 0.058333333333333334
0 0.2078125 0.044444444444444446 0.05625 0.08888888888888889
0 0.096875 0.4305555555555556 0.08125 0.07777777777777778
0 0.134375 0.8944444444444445 0.0640625 0.06388888888888888
0 0.775 0.4583333333333333 0.06875 0.05555555555555555
0 0.6515625 0.7805555555555556 0.0734375 0.058333333333333334
0 0.3125 0.85 0.0625 0.058333333333333334
0 0.0375 0.9194444444444444 0.0703125 0.06944444444444445
0 0.45625 0.8166666666666667 0.08125 0.06944444444444445
0 0.38125 0.8305555555555556 0.059375 0.06111111111111111
0 0.696875 0.46111111111111114 0.0828125 0.06111111111111111
0 0.8765625 0.7444444444444445 0.071875 0.06111111111111111
0 0.7921875 0.7583333333333333 0.0640625 0.06111111111111111
0 0.7796875 0.2722222222222222 0.0859375 0.06388888888888888
0 0.965625 0.25833333333333336 0.0328125 0.06111111111111111
0 0.8953125 0.17222222222222222 0.0328125 0.08611111111111111