0 0.103125 0.9861111111111112 0.0421875 0.025
0 0.109375 0.5416666666666666 0.065625 0.1638888888888889
0 0.515625 0.4027777777777778 0.096875 0.06944444444444445
0 0.71875 0.49444444444444446 0.0734375 0.06388888888888888
0 0.7 0.38055555555555554 0.0765625 0.06388888888888888
0 0.1109375 0.8666666666666667 0.0453125 0.1388888888888889
0 0.328125 0.5277777777777778 0.084375 0.06388888888888888
0 0.8453125 0.38333333333333336 0.090625 0.06388888888888888
0 0.3359375 0.3972222222222222 0.096875 0.06388888888888888
0 0.1375 0.06944444444444445 0.05 0.1388888888888889
0 0.059375 0.8 0.0546875 0.19166666666666668
0 0.621875 0.5194444444444445 0.1015625 0.1
0 0.434375 0.5333333333333333 0.0453125 0.05
0 0.0986328125 0.7708333333333334 0.1064453125 0.7777777777777778 0.1279296875 0.7777777777777778 0.134765625 0.765625 0.150390625 0.6614583333333334 0.1376953125 0.6388888888888888 0.1318359375 0.6354166666666666 0.1064453125 0.6354166666666666 0.099609375 0.6440972222222222 0.09765625 0.6579861111111112 0.091796875 0.7309027777777778 0.091796875 0.7413194444444444 0.095703125 0.765625 0.0986328125 0.7708333333333334