0 0.6328125 0.8416666666666667 0.0578125 0.14444444444444443
0 0.9609375 0.5166666666666667 0.0765625 0.07222222222222222
0 0.0953125 0.5611111111111111 0.08125 0.06666666666666667
0 0.4109375 0.6722222222222223 0.0828125 0.08611111111111111
0 0.3453125 0.7305555555555555 0.0796875 0.06388888888888888
0 0.3828125 0.4527777777777778 0.0703125 0.058333333333333334
0 0.1953125 0.4583333333333333 0.0765625 0.08055555555555556
0 0.8234375 0.49444444444444446 0.0796875 0.06666666666666667
0 0.2296875 0.6694444444444444 0.0734375 0.06666666666666667
0 0.61875 0.07777777777777778 0.034375 0.11666666666666667
0 0.575 0.16666666666666666 0.0328125 0.1
0 0.6265625 0.25555555555555554 0.0375 0.14166666666666666
0 0.315625 0.5472222222222223 0.0640625 0.06111111111111111
0 0.1359375 0.6777777777777778 0.084375 0.06388888888888888
0 0.290625 0.44722222222222224 0.0671875 0.05555555555555555
0 0.565625 0.058333333333333334 0.0390625 0.11666666666666667
0 0.0171875 0.4583333333333333 0.0328125 0.05555555555555555
0 0.103125 0.4527777777777778 0.0921875 0.06388888888888888
0 0.809375 0.9694444444444444 0.0390625 0.058333333333333334