0 0.8390625 0.49444444444444446 0.08125 0.06111111111111111
0 0.659375 0.5 0.090625 0.06666666666666667
0 0.95 0.6583333333333333 0.08125 0.06388888888888888
0 0.746875 0.49166666666666664 0.0625 0.05555555555555555
0 0.6390625 0.6305555555555555 0.084375 0.06666666666666667
0 0.8890625 0.18888888888888888 0.0625 0.05555555555555555
0 0.7921875 0.6888888888888889 0.08125 0.06666666666666667
0 0.8890625 0.11388888888888889 0.0703125 0.06111111111111111
0 0.9796875 0.48333333333333334 0.0390625 0.05277777777777778
0 0.896875 0.2638888888888889 0.075 0.06388888888888888
0 0.89375 0.3416666666666667 0.059375 0.04722222222222222
0 0.484375 0.5027777777777778 0.096875 0.06111111111111111