0 0.3703125 0.30833333333333335 0.05 0.09722222222222222
0 0.1921875 0.29444444444444445 0.0609375 0.07222222222222222
0 0.5953125 0.46111111111111114 0.065625 0.06111111111111111
0 0.1875 0.1361111111111111 0.05625 0.06111111111111111
0 0.828125 0.43333333333333335 0.0625 0.06944444444444445
0 0.115625 0.1111111111111111 0.0609375 0.05555555555555555
0 0.903125 0.3472222222222222 0.0625 0.06666666666666667
0 0.0859375 0.20833333333333334 0.06875 0.058333333333333334
0 0.784375 0.35 0.059375 0.06944444444444445
0 0.3234375 0.06111111111111111 0.0296875 0.09166666666666666
0 0.65 0.9583333333333334 0.0375 0.08333333333333333
0 0.4734375 0.45 0.0546875 0.06111111111111111
0 0.0359375 0.09722222222222222 0.06875 0.05277777777777778
0 0.3390625 0.9638888888888889 0.0328125 0.06944444444444445
0 0.3265625 0.16666666666666666 0.040625 0.125
0 0.99375 0.49166666666666664 0.0125 0.041666666666666664
0 0.7607421875 0.9097222222222222 0.7666015625 0.9097222222222222 0.76953125 0.9045138888888888 0.771484375 0.890625 0.779296875 0.828125 0.783203125 0.7795138888888888 0.7783203125 0.7708333333333334 0.7744140625 0.7673611111111112 0.7626953125 0.7604166666666666 0.7568359375 0.7604166666666666 0.751953125 0.7760416666666666 0.75 0.7899305555555556 0.740234375 0.8628472222222222 0.740234375 0.890625 0.7451171875 0.8993055555555556 0.7607421875 0.9097222222222222