0 0.0609375 0.5277777777777778 0.0359375 0.030555555555555555
0 0.5078125 0.075 0.0234375 0.019444444444444445
0 0.775 0.5111111111111111 0.034375 0.027777777777777776
0 0.2703125 0.5388888888888889 0.0390625 0.03333333333333333
0 0.9265625 0.5055555555555555 0.0359375 0.030555555555555555
0 0.103125 0.5305555555555556 0.0328125 0.030555555555555555
0 0.459375 0.075 0.0203125 0.016666666666666666
0 0.225 0.5333333333333333 0.04375 0.03333333333333333
0 0.1828125 0.5305555555555556 0.0328125 0.030555555555555555
0 0.1453125 0.5277777777777778 0.0328125 0.030555555555555555
0 0.2236328125 0.8888888888888888 0.232421875 0.859375 0.232421875 0.8489583333333334 0.2314453125 0.8472222222222222 0.2197265625 0.8472222222222222 0.216796875 0.8524305555555556 0.208984375 0.8802083333333334 0.20703125 0.890625 0.2080078125 0.8923611111111112 0.2197265625 0.8923611111111112 0.2236328125 0.8888888888888888
0 0.255859375 0.7239583333333334 0.265625 0.6857638888888888 0.271484375 0.6579861111111112 0.2705078125 0.6527777777777778 0.2646484375 0.6527777777777778 0.26171875 0.6579861111111112 0.255859375 0.6822916666666666 0.251953125 0.7100694444444444 0.251953125 0.7274305555555556 0.2529296875 0.7291666666666666 0.255859375 0.7239583333333334
0 0.8291015625 0.8923611111111112 0.8408203125 0.8923611111111112 0.84765625 0.8836805555555556 0.84765625 0.8732638888888888 0.841796875 0.828125 0.837890625 0.8142361111111112 0.8330078125 0.8055555555555556 0.8212890625 0.8055555555555556 0.814453125 0.8177083333333334 0.814453125 0.828125 0.82421875 0.8871527777777778 0.8291015625 0.8923611111111112