0 0.0734375 0.4083333333333333 0.096875 0.08055555555555556
0 0.571875 0.3888888888888889 0.0890625 0.075
0 0.1859375 0.4722222222222222 0.096875 0.10277777777777777
0 0.9375 0.3611111111111111 0.0984375 0.07222222222222222
0 0.8046875 0.36666666666666664 0.1046875 0.08055555555555556
0 0.225 0.6361111111111111 0.1015625 0.07777777777777778
0 0.86875 0.9611111111111111 0.0984375 0.07777777777777778
0 0.396875 0.7777777777777778 0.10625 0.07777777777777778
0 0.5171875 0.7694444444444445 0.1 0.08611111111111111
0 0.7625 0.625 0.0875 0.06666666666666667
0 0.68125 0.3611111111111111 0.1 0.08888888888888889
0 0.7640625 0.9611111111111111 0.0796875 0.075