0 0.4734375 0.5055555555555555 0.059375 0.05
0 0.8578125 0.42777777777777776 0.06875 0.05
0 0.875 0.5 0.0734375 0.05555555555555555
0 0.45625 0.4361111111111111 0.0640625 0.05277777777777778
0 0.76875 0.49444444444444446 0.071875 0.05555555555555555
0 0.7609375 0.42777777777777776 0.071875 0.044444444444444446
0 0.559375 0.5027777777777778 0.0546875 0.03888888888888889
0 0.653125 0.5138888888888888 0.05625 0.044444444444444446
0 0.575 0.42777777777777776 0.065625 0.04722222222222222
0 0.6734375 0.4361111111111111 0.0578125 0.044444444444444446
0 0.3609375 0.5111111111111111 0.078125 0.05277777777777778