0 0.68125 0.975 0.025 0.04722222222222222
0 0.2265625 0.6555555555555556 0.046875 0.04722222222222222
0 0.73125 0.8166666666666667 0.0328125 0.07222222222222222
0 0.7390625 0.3277777777777778 0.0296875 0.08055555555555556
0 0.3859375 0.7444444444444445 0.0328125 0.07777777777777778
0 0.515625 0.7777777777777778 0.0484375 0.044444444444444446
0 0.5015625 0.1388888888888889 0.0453125 0.04722222222222222
0 0.2546875 0.5583333333333333 0.0453125 0.041666666666666664
0 0.7984375 0.7111111111111111 0.040625 0.044444444444444446
0 0.3046875 0.7111111111111111 0.0453125 0.05277777777777778
0 0.7 0.7805555555555556 0.0328125 0.075
0 0.1296875 0.5694444444444444 0.0421875 0.03333333333333333
0 0.6125 0.7722222222222223 0.0375 0.03333333333333333
0 0.7890625 0.4888888888888889 0.021875 0.075
0 0.7546875 0.5416666666666666 0.021875 0.075
0 0.878125 0.15 0.046875 0.07222222222222222
0 0.0265625 0.6194444444444445 0.0484375 0.03611111111111111
0 0.021875 0.5194444444444445 0.04375 0.03611111111111111
0 0.11875 0.6194444444444445 0.046875 0.03333333333333333
0 0.2921875 0.6472222222222223 0.05625 0.06111111111111111
0 0.3328125 0.6138888888888889 0.05 0.058333333333333334
0 0.396875 0.5944444444444444 0.0296875 0.075
0 0.1296875 0.525 0.0484375 0.03333333333333333
0 0.4046875 0.013888888888888888 0.03125 0.027777777777777776
0 0.059375 0.5694444444444444 0.0609375 0.03888888888888889
0 0.2140625 0.5944444444444444 0.0515625 0.041666666666666664
0 0.00625 0.5666666666666667 0.0125 0.030555555555555555