0 0.690625 0.35 0.090625 0.06944444444444445
0 0.290625 0.37777777777777777 0.0953125 0.06666666666666667
0 0.9171875 0.9638888888888889 0.0734375 0.06666666666666667
0 0.5890625 0.7388888888888889 0.0859375 0.075
0 0.5828125 0.3527777777777778 0.0890625 0.07222222222222222
0 0.3859375 0.37222222222222223 0.0765625 0.06111111111111111
0 0.36875 0.12777777777777777 0.0765625 0.13055555555555556
0 0.13125 0.7583333333333333 0.0875 0.06944444444444445
0 0.4 0.9638888888888889 0.10625 0.07222222222222222
0 0.109375 0.3972222222222222 0.103125 0.06944444444444445
0 0.775 0.7833333333333333 0.075 0.1111111111111111
0 0.8203125 0.325 0.0875 0.075
0 0.03125 0.7666666666666667 0.0625 0.06666666666666667
0 0.471875 0.06944444444444445 0.0375 0.07222222222222222
0 0.025 0.3972222222222222 0.0484375 0.058333333333333334
0 0.3046875 0.9388888888888889 0.046875 0.12222222222222222
0 0.9046875 0.3111111111111111 0.084375 0.06666666666666667
0 0.353125 0.7472222222222222 0.071875 0.06111111111111111