0 0.4765625 0.05 0.0234375 0.08888888888888889
0 0.471875 0.15 0.021875 0.07777777777777778
0 0.525 0.38055555555555554 0.0296875 0.07222222222222222
0 0.415625 0.36944444444444446 0.0453125 0.03888888888888889
0 0.5453125 0.17222222222222222 0.0234375 0.09166666666666666
0 0.4734375 0.23333333333333334 0.0203125 0.08333333333333333
0 0.309375 0.37777777777777777 0.0515625 0.03888888888888889
0 0.4984375 0.275 0.0328125 0.08611111111111111
0 0.6828125 0.4722222222222222 0.0578125 0.05
0 0.6921875 0.3972222222222222 0.04375 0.041666666666666664
0 0.54375 0.07777777777777778 0.0234375 0.07777777777777778
0 0.45 0.9222222222222223 0.021875 0.10277777777777777
0 0.9125 0.42777777777777776 0.046875 0.03611111111111111
0 0.471875 0.975 0.0234375 0.044444444444444446
0 0.0609375 0.5638888888888889 0.05 0.044444444444444446
0 0.365625 0.37777777777777777 0.053125 0.041666666666666664
0 0.5203125 0.9166666666666666 0.021875 0.07777777777777778
0 0.64375 0.5833333333333334 0.0515625 0.044444444444444446
0 0.025 0.3861111111111111 0.0484375 0.03888888888888889
0 0.21875 0.5583333333333333 0.05 0.041666666666666664
0 0.525 0.8222222222222222 0.021875 0.08055555555555556
0 0.63125 0.3972222222222222 0.05 0.05555555555555555
0 0.553125 0.013888888888888888 0.0203125 0.025
0 0.9640625 0.4361111111111111 0.0546875 0.04722222222222222
0 0.1265625 0.3861111111111111 0.05 0.041666666666666664
0 0.453125 0.8138888888888889 0.0171875 0.06944444444444445
0 0.790625 0.6 0.053125 0.044444444444444446
0 0.5203125 0.6111111111111112 0.0234375 0.09722222222222222
0 0.0359375 0.45555555555555555 0.05 0.041666666666666664
0 0.959375 0.6277777777777778 0.053125 0.044444444444444446
0 0.8953125 0.625 0.0484375 0.041666666666666664
0 0.734375 0.5944444444444444 0.059375 0.04722222222222222