0 0.3125 0.37222222222222223 0.05625 0.05555555555555555
0 0.3859375 0.4722222222222222 0.0609375 0.06111111111111111
0 0.1109375 0.39166666666666666 0.05625 0.058333333333333334
0 0.1375 0.3138888888888889 0.0640625 0.06111111111111111
0 0.209375 0.6305555555555555 0.0625 0.05
0 0.8640625 0.6805555555555556 0.0640625 0.05
0 0.671875 0.4666666666666667 0.059375 0.04722222222222222
0 0.4328125 0.41388888888888886 0.065625 0.05
0 0.1875 0.35833333333333334 0.0671875 0.06111111111111111
0 0.6203125 0.41388888888888886 0.0671875 0.05
0 0.678125 0.6805555555555556 0.059375 0.04722222222222222
0 0.978125 0.41388888888888886 0.0421875 0.05
0 0.34375 0.6333333333333333 0.075 0.05555555555555555
0 0.9921875 0.7055555555555556 0.015625 0.04722222222222222
0 0.51875 0.41944444444444445 0.0703125 0.05555555555555555