0 0.6828125 0.3888888888888889 0.0796875 0.08888888888888889
0 0.25 0.7194444444444444 0.0765625 0.06388888888888888
0 0.6265625 0.6111111111111112 0.0828125 0.11388888888888889
0 0.4625 0.4777777777777778 0.0359375 0.1388888888888889
0 0.884375 0.3388888888888889 0.0859375 0.06666666666666667
0 0.125 0.7472222222222222 0.090625 0.06944444444444445
0 0.2953125 0.6277777777777778 0.0625 0.05
0 0.0234375 0.7555555555555555 0.046875 0.05555555555555555
0 0.984375 0.3527777777777778 0.03125 0.06666666666666667
0 0.61875 0.43333333333333335 0.0609375 0.05277777777777778
0 0.04375 0.23333333333333334 0.0578125 0.05277777777777778
0 0.190625 0.6194444444444445 0.078125 0.05555555555555555
0 0.790625 0.32222222222222224 0.0875 0.06111111111111111
0 0.0953125 0.43333333333333335 0.0890625 0.08333333333333333
0 0.915625 0.6666666666666666 0.0765625 0.06666666666666667