0 0.753125 0.6111111111111112 0.034375 0.04722222222222222
0 0.7015625 0.49722222222222223 0.0265625 0.03611111111111111
0 0.684375 0.4583333333333333 0.021875 0.03333333333333333
0 0.671875 0.425 0.0203125 0.030555555555555555
0 0.5953125 0.3138888888888889 0.025 0.022222222222222223
0 0.6984375 0.5777777777777777 0.03125 0.05
0 0.609375 0.5555555555555556 0.0234375 0.05
0 0.9015625 0.9472222222222222 0.0671875 0.10277777777777777
0 0.80625 0.36944444444444446 0.0328125 0.027777777777777776
0 0.734375 0.36944444444444446 0.0296875 0.030555555555555555
0 0.659375 0.3972222222222222 0.0234375 0.030555555555555555
0 0.69375 0.8805555555555555 0.046875 0.11388888888888889
0 0.6734375 0.7833333333333333 0.040625 0.1
0 0.584375 0.4527777777777778 0.0171875 0.025