0 0.1453125 0.5527777777777778 0.05625 0.075
0 0.6140625 0.75 0.053125 0.05555555555555555
0 0.675 0.3333333333333333 0.034375 0.08333333333333333
0 0.703125 0.32222222222222224 0.0390625 0.08888888888888889
0 0.24375 0.38055555555555554 0.025 0.08888888888888889
0 0.7453125 0.3 0.0421875 0.08055555555555556
0 0.5375 0.35833333333333334 0.025 0.10277777777777777
0 0.46875 0.3527777777777778 0.0265625 0.08611111111111111
0 0.3328125 0.4388888888888889 0.0515625 0.04722222222222222
0 0.76875 0.25833333333333336 0.0453125 0.08611111111111111
0 0.5015625 0.3611111111111111 0.025 0.08055555555555556
0 0.9234375 0.8333333333333334 0.075 0.06111111111111111
0 0.646875 0.3388888888888889 0.040625 0.1
0 0.4390625 0.3638888888888889 0.0265625 0.1111111111111111
0 0.303125 0.375 0.0265625 0.08333333333333333
0 0.03125 0.5916666666666667 0.0609375 0.06388888888888888
0 0.2765625 0.36944444444444446 0.025 0.08055555555555556
0 0.3890625 0.3638888888888889 0.021875 0.075
0 0.509375 0.6111111111111112 0.0609375 0.06666666666666667
0 0.203125 0.37777777777777777 0.0328125 0.1111111111111111
0 0.571875 0.35555555555555557 0.028125 0.09166666666666666
0 0.1109375 0.35 0.0390625 0.1
0 0.4140625 0.4 0.025 0.07222222222222222
0 0.5984375 0.35555555555555557 0.025 0.08611111111111111
0 0.353125 0.6027777777777777 0.0703125 0.06944444444444445
0 0.3578125 0.35555555555555557 0.0203125 0.075
0 0.33125 0.36666666666666664 0.021875 0.075