0 0.13125 0.6583333333333333 0.03125 0.07222222222222222
0 0.2828125 0.09444444444444444 0.0421875 0.03888888888888889
0 0.09375 0.17222222222222222 0.0265625 0.04722222222222222
0 0.725 0.04722222222222222 0.0359375 0.030555555555555555
0 0.0609375 0.35555555555555557 0.0296875 0.06111111111111111
0 0.553125 0.027777777777777776 0.015625 0.04722222222222222
0 0.184375 0.20277777777777778 0.025 0.06388888888888888
0 0.1296875 0.28888888888888886 0.025 0.05
0 0.5453125 0.6222222222222222 0.028125 0.08611111111111111
0 0.2234375 0.09444444444444444 0.0484375 0.041666666666666664
0 0.2453125 0.3138888888888889 0.05 0.05
0 0.259375 0.2611111111111111 0.046875 0.044444444444444446
0 0.1328125 0.025 0.015625 0.013888888888888888
0 0.1421875 0.15833333333333333 0.0375 0.075
0 0.5234375 0.005555555555555556 0.0171875 0.011111111111111112
0 0.2484375 0.37222222222222223 0.0296875 0.05
0 0.934375 0.25833333333333336 0.0359375 0.075
0 0.265625 0.15833333333333333 0.0546875 0.04722222222222222
0 0.2546875 0.041666666666666664 0.0390625 0.030555555555555555
0 0.74375 0.9555555555555556 0.084375 0.07222222222222222
0 0.2578125 0.2111111111111111 0.0578125 0.05277777777777778
0 0.9921875 0.08333333333333333 0.015625 0.027777777777777776
0 0.009375 0.03888888888888889 0.01875 0.06666666666666667
0 0.5453125 0.8416666666666667 0.0296875 0.125
0 0.1921875 0.03888888888888889 0.0515625 0.03333333333333333
0 0.04375 0.008333333333333333 0.01875 0.013888888888888888