0 0.946875 0.13333333333333333 0.084375 0.08611111111111111
0 0.09375 0.6888888888888889 0.084375 0.06944444444444445
0 0.796875 0.7083333333333334 0.08125 0.08055555555555556
0 0.5328125 0.6444444444444445 0.0796875 0.06111111111111111
0 0.6703125 0.6694444444444444 0.08125 0.07222222222222222
0 0.5078125 0.7305555555555555 0.0828125 0.06666666666666667
0 0.709375 0.175 0.0984375 0.1
0 0.8671875 0.9138888888888889 0.0828125 0.09722222222222222
0 0.2875 0.7277777777777777 0.0859375 0.06666666666666667
0 0.6625 0.7694444444444445 0.084375 0.07222222222222222
0 0.7625 0.85 0.084375 0.08611111111111111