0 0.1671875 0.5361111111111111 0.109375 0.10555555555555556
0 0.615625 0.5277777777777778 0.1109375 0.1
0 0.31875 0.55 0.090625 0.09722222222222222
0 0.48125 0.5388888888888889 0.1078125 0.09722222222222222
0 0.2453125 0.8111111111111111 0.109375 0.1111111111111111
0 0.0234375 0.5416666666666666 0.0453125 0.1
0 0.403125 0.4 0.115625 0.09444444444444444
0 0.6921875 0.3888888888888889 0.1203125 0.1
0 0.8046875 0.5583333333333333 0.11875 0.10555555555555556
0 0.8296875 0.3888888888888889 0.1234375 0.08888888888888889
0 0.15625 0.4 0.13125 0.09722222222222222
0 0.609375 0.8083333333333333 0.1140625 0.09166666666666666
0 0.9484375 0.3972222222222222 0.1015625 0.09166666666666666