0 0.6859375 0.39166666666666666 0.084375 0.06388888888888888
0 0.121875 0.4 0.0671875 0.06388888888888888
0 0.5703125 0.4027777777777778 0.0796875 0.06388888888888888
0 0.934375 0.31666666666666665 0.0921875 0.06666666666666667
0 0.2859375 0.30277777777777776 0.0703125 0.06111111111111111
0 0.58125 0.3055555555555556 0.0703125 0.05555555555555555
0 0.1703125 0.3 0.0828125 0.06666666666666667
0 0.7828125 0.41388888888888886 0.0765625 0.06111111111111111
0 0.075 0.5861111111111111 0.0890625 0.07777777777777778
0 0.4765625 0.3055555555555556 0.0828125 0.06666666666666667
0 0.7375 0.30833333333333335 0.0796875 0.06388888888888888
0 0.30625 0.3888888888888889 0.078125 0.06111111111111111
0 0.740625 0.49722222222222223 0.08125 0.06388888888888888
0 0.5109375 0.5055555555555555 0.0859375 0.06666666666666667
0 0.6328125 0.5 0.084375 0.06944444444444445
0 0.8390625 0.3138888888888889 0.09375 0.06666666666666667
0 0.8578125 0.5 0.0890625 0.07222222222222222
0 0.253125 0.49722222222222223 0.0921875 0.06666666666666667
0 0.178125 0.5888888888888889 0.08125 0.06388888888888888
0 0.3734375 0.5083333333333333 0.0703125 0.06388888888888888
0 0.409375 0.6027777777777777 0.0796875 0.06388888888888888
0 0.5796875 0.6 0.0890625 0.07222222222222222
0 0.303125 0.5972222222222222 0.0921875 0.06666666666666667
0 0.9234375 0.4111111111111111 0.1125 0.07222222222222222
0 0.9109375 0.6027777777777777 0.084375 0.06944444444444445
0 0.978125 0.6166666666666667 0.04375 0.058333333333333334
0 0.9671875 0.525 0.0625 0.08888888888888889