0 0.275 0.5333333333333333 0.0484375 0.044444444444444446
0 0.3859375 0.2777777777777778 0.021875 0.11388888888888889
0 0.525 0.5166666666666667 0.05625 0.044444444444444446
0 0.6 0.5138888888888888 0.075 0.04722222222222222
0 0.565625 0.6916666666666667 0.0609375 0.044444444444444446
0 0.96875 0.49722222222222223 0.059375 0.044444444444444446
0 0.9703125 0.675 0.0578125 0.044444444444444446
0 0.4609375 0.525 0.0578125 0.04722222222222222
0 0.015625 0.4444444444444444 0.0296875 0.10833333333333334
0 0.8359375 0.6777777777777778 0.059375 0.05
0 0.4953125 0.6944444444444444 0.0609375 0.04722222222222222
0 0.0890625 0.8277777777777777 0.0234375 0.041666666666666664
0 0.69375 0.6861111111111111 0.059375 0.05
0 0.1703125 0.7166666666666667 0.053125 0.04722222222222222
0 0.7078125 0.8055555555555556 0.0640625 0.05555555555555555
0 0.096875 0.7194444444444444 0.08125 0.058333333333333334
0 0.13125 0.5444444444444444 0.059375 0.05277777777777778
0 0.19375 0.5388888888888889 0.0671875 0.058333333333333334
0 0.284375 0.95 0.034375 0.09722222222222222