0 0.1296875 0.34444444444444444 0.04375 0.041666666666666664
0 0.5734375 0.1111111111111111 0.025 0.07777777777777778
0 0.540625 0.13055555555555556 0.0296875 0.075
0 0.590625 0.05 0.0234375 0.06944444444444445
0 0.55 0.030555555555555555 0.021875 0.058333333333333334
0 0.6390625 0.4444444444444444 0.0515625 0.044444444444444446
0 0.3546875 0.48055555555555557 0.059375 0.05
0 0.590625 0.7944444444444444 0.034375 0.11666666666666667
0 0.5828125 0.9333333333333333 0.0359375 0.125
0 0.56875 0.20833333333333334 0.0234375 0.08888888888888889
0 0.2375 0.48333333333333334 0.0328125 0.06944444444444445
0 0.5 0.4527777777777778 0.0640625 0.05277777777777778
0 0.1015625 0.4638888888888889 0.0546875 0.04722222222222222