0 0.6265625 0.25833333333333336 0.0515625 0.15555555555555556
0 0.946875 0.39166666666666666 0.103125 0.08055555555555556
0 0.475 0.41944444444444445 0.0859375 0.06944444444444445
0 0.8625 0.5611111111111111 0.103125 0.07777777777777778
0 0.4296875 0.5138888888888888 0.0875 0.07222222222222222
0 0.6359375 0.08333333333333333 0.0453125 0.12777777777777777
0 0.7296875 0.5916666666666667 0.0921875 0.07222222222222222
0 0.2203125 0.5805555555555556 0.0875 0.075
0 0.340625 0.425 0.1015625 0.08055555555555556
0 0.1 0.5611111111111111 0.0859375 0.08333333333333333
0 0.396875 0.6222222222222222 0.090625 0.075
0 0.2015625 0.4777777777777778 0.0828125 0.07777777777777778
0 0.4859375 0.9166666666666666 0.075 0.07222222222222222
0 0.6 0.6027777777777777 0.1109375 0.07777777777777778
0 0.009375 0.5111111111111111 0.0171875 0.06111111111111111