0 0.35 0.43333333333333335 0.0984375 0.07777777777777778
0 0.0546875 0.4305555555555556 0.10625 0.08333333333333333
0 0.45 0.43333333333333335 0.096875 0.07777777777777778
0 0.5703125 0.43333333333333335 0.1078125 0.08055555555555556
0 0.6953125 0.43333333333333335 0.1125 0.07777777777777778
0 0.65625 0.5305555555555556 0.11875 0.09722222222222222
0 0.8953125 0.4361111111111111 0.1265625 0.09444444444444444
0 0.5109375 0.5361111111111111 0.1046875 0.09722222222222222
0 0.3484375 0.825 0.115625 0.09722222222222222
0 0.4875 0.6416666666666667 0.0921875 0.09166666666666666
0 0.6609375 0.7527777777777778 0.13125 0.09444444444444444
0 0.9921875 0.4444444444444444 0.015625 0.08055555555555556