0 0.5515625 0.21944444444444444 0.0203125 0.05555555555555555
0 0.55 0.09444444444444444 0.0171875 0.041666666666666664
0 0.6078125 0.21388888888888888 0.021875 0.058333333333333334
0 0.53125 0.36944444444444446 0.025 0.08333333333333333
0 0.621875 0.6 0.0265625 0.07777777777777778
0 0.6234375 0.7055555555555556 0.0296875 0.08333333333333333
0 0.603125 0.12777777777777777 0.01875 0.03333333333333333
0 0.5578125 0.013888888888888888 0.015625 0.025
0 0.4234375 0.25555555555555554 0.053125 0.05
0 0.6046875 0.16944444444444445 0.0203125 0.03888888888888889
0 0.6265625 0.9361111111111111 0.034375 0.125
0 0.328125 0.25 0.0390625 0.019444444444444445
0 0.259375 0.23055555555555557 0.0421875 0.025