0 0.8265625 0.23333333333333334 0.05 0.09444444444444444
0 0.8796875 0.07777777777777778 0.04375 0.10277777777777777
0 0.959375 0.30833333333333335 0.046875 0.08055555555555556
0 0.9859375 0.39444444444444443 0.025 0.075
0 0.8671875 0.3972222222222222 0.034375 0.10555555555555556
0 0.915625 0.49166666666666664 0.03125 0.1
0 0.478125 0.6694444444444444 0.0625 0.05
0 0.8 0.6472222222222223 0.065625 0.04722222222222222
0 0.478125 0.55 0.059375 0.041666666666666664
0 0.8328125 0.4861111111111111 0.0625 0.07777777777777778
0 0.6171875 0.6444444444444445 0.0625 0.05
0 0.7140625 0.39444444444444443 0.0703125 0.06388888888888888
0 0.715625 0.5277777777777778 0.0625 0.041666666666666664
0 0.253125 0.5611111111111111 0.065625 0.041666666666666664
0 0.24375 0.6861111111111111 0.0484375 0.044444444444444446
0 0.109375 0.7027777777777777 0.05625 0.044444444444444446
0 0.325 0.5638888888888889 0.0453125 0.041666666666666664
0 0.221875 0.6277777777777778 0.05625 0.044444444444444446
0 0.9171875 0.2 0.0515625 0.09444444444444444
0 0.0234375 0.7166666666666667 0.046875 0.041666666666666664
0 0.1125 0.5777777777777777 0.065625 0.05555555555555555
0 0.3890625 0.5527777777777778 0.06875 0.05277777777777778
0 0.015625 0.5833333333333334 0.0296875 0.044444444444444446
0 0.640625 0.5305555555555556 0.0640625 0.04722222222222222