0 0.175 0.46944444444444444 0.090625 0.07222222222222222
0 0.2859375 0.4583333333333333 0.0859375 0.07222222222222222
0 0.9453125 0.3861111111111111 0.0890625 0.06944444444444445
0 0.5125 0.4361111111111111 0.06875 0.06111111111111111
0 0.8390625 0.44166666666666665 0.08125 0.06388888888888888
0 0.4046875 0.45 0.078125 0.06666666666666667
0 0.0390625 0.4638888888888889 0.0765625 0.07222222222222222
0 0.221875 0.38333333333333336 0.0875 0.07222222222222222
0 0.965625 0.20555555555555555 0.05625 0.1527777777777778
0 0.5390625 0.5888888888888889 0.0953125 0.06388888888888888
0 0.8828125 0.5583333333333333 0.0953125 0.06666666666666667