0 0.4203125 0.12222222222222222 0.028125 0.041666666666666664
0 0.7078125 0.26666666666666666 0.0359375 0.04722222222222222
0 0.7484375 0.5611111111111111 0.028125 0.06111111111111111
0 0.4390625 0.17777777777777778 0.0296875 0.041666666666666664
0 0.9796875 0.6361111111111111 0.0375 0.06666666666666667
0 0.2546875 0.5416666666666666 0.04375 0.05555555555555555
0 0.58125 0.65 0.05625 0.04722222222222222
0 0.509375 0.12222222222222222 0.0203125 0.041666666666666664
0 0.028125 0.3 0.04375 0.03888888888888889
0 0.3734375 0.36944444444444446 0.0234375 0.05555555555555555
0 0.2640625 0.4638888888888889 0.0390625 0.041666666666666664
0 0.534375 0.06388888888888888 0.015625 0.03611111111111111
0 0.8390625 0.28888888888888886 0.0453125 0.03611111111111111
0 0.7765625 0.4305555555555556 0.021875 0.058333333333333334
0 0.803125 0.5861111111111111 0.0296875 0.07222222222222222
0 0.4859375 0.11666666666666667 0.0203125 0.03611111111111111
0 0.4046875 0.28888888888888886 0.034375 0.05277777777777778
0 0.9484375 0.10555555555555556 0.021875 0.041666666666666664
0 0.290625 0.2611111111111111 0.0359375 0.044444444444444446
0 0.5140625 0.011111111111111112 0.0125 0.019444444444444445
0 0.803125 0.2361111111111111 0.0453125 0.03611111111111111
0 0.6984375 0.9333333333333333 0.0390625 0.13055555555555556
0 0.965625 0.041666666666666664 0.0359375 0.027777777777777776
0 0.86875 0.24722222222222223 0.0421875 0.041666666666666664
0 0.5359375 0.013888888888888888 0.0125 0.025
0 0.478125 0.17222222222222222 0.025 0.044444444444444446
0 0.7984375 0.016666666666666666 0.01875 0.030555555555555555
0 0.9703125 0.10555555555555556 0.0265625 0.05277777777777778
0 0.9671875 0.31666666666666665 0.046875 0.03888888888888889
0 0.965625 0.016666666666666666 0.034375 0.027777777777777776
0 0.7765625 0.008333333333333333 0.015625 0.016666666666666666
0 0.8671875 0.05 0.015625 0.03611111111111111
0 0.9 0.05555555555555555 0.0265625 0.030555555555555555
0 0.4328125 0.22777777777777777 0.0453125 0.058333333333333334
0 0.928125 0.09166666666666666 0.0203125 0.03888888888888889
0 0.9 0.28888888888888886 0.04375 0.030555555555555555
0 0.99375 0.03333333333333333 0.0109375 0.022222222222222223