0 0.50625 0.175 0.0203125 0.06666666666666667
0 0.771875 0.25277777777777777 0.046875 0.041666666666666664
0 0.521875 0.35555555555555557 0.021875 0.07777777777777778
0 0.3421875 0.027777777777777776 0.0390625 0.041666666666666664
0 0.6140625 0.06111111111111111 0.0171875 0.05
0 0.76875 0.20833333333333334 0.0453125 0.044444444444444446
0 0.0921875 0.7444444444444445 0.053125 0.08333333333333333
0 0.5421875 0.8027777777777778 0.03125 0.08888888888888889
0 0.61875 0.9722222222222222 0.0328125 0.05555555555555555
0 0.953125 0.12222222222222222 0.0515625 0.044444444444444446
0 0.6171875 0.6805555555555556 0.0265625 0.08611111111111111
0 0.875 0.14722222222222223 0.0375 0.03611111111111111
0 0.740625 0.016666666666666666 0.0234375 0.03333333333333333
0 0.528125 0.6305555555555555 0.0265625 0.10833333333333334
0 0.159375 0.8138888888888889 0.059375 0.08333333333333333
0 0.234375 0.8861111111111111 0.059375 0.07777777777777778
0 0.0171875 0.5555555555555556 0.034375 0.07222222222222222
0 0.05625 0.625 0.053125 0.07777777777777778
0 0.475 0.13333333333333333 0.01875 0.06944444444444445
0 0.79375 0.022222222222222223 0.0203125 0.044444444444444446
0 0.6484375 0.016666666666666666 0.01875 0.030555555555555555
0 0.24375 0.8194444444444444 0.0578125 0.07777777777777778
0 0.490625 0.4305555555555556 0.0234375 0.08611111111111111
0 0.0328125 0.6722222222222223 0.0515625 0.08055555555555556
0 0.503125 0.008333333333333333 0.0171875 0.013888888888888888
0 0.7078125 0.013888888888888888 0.01875 0.025
0 0.76875 0.019444444444444445 0.021875 0.03611111111111111
0 0.671875 0.8055555555555556 0.0296875 0.12222222222222222
0 0.1734375 0.7555555555555555 0.0703125 0.08888888888888889
0 0.0375 0.75 0.05625 0.075
0 0.821875 0.008333333333333333 0.0171875 0.016666666666666666
0 0.1203125 0.6944444444444444 0.046875 0.07222222222222222