0 0.3921875 0.4388888888888889 0.0703125 0.06388888888888888
0 0.490625 0.4166666666666667 0.06875 0.06944444444444445
0 0.065625 0.5722222222222222 0.071875 0.06666666666666667
0 0.2890625 0.08888888888888889 0.028125 0.09722222222222222
0 0.640625 0.46111111111111114 0.0734375 0.06111111111111111
0 0.3640625 0.9222222222222223 0.034375 0.1527777777777778
0 0.7703125 0.4638888888888889 0.0703125 0.06111111111111111
0 0.8640625 0.4583333333333333 0.0671875 0.05555555555555555
0 0.434375 0.12777777777777777 0.0265625 0.075
0 0.5859375 0.5222222222222223 0.0734375 0.06111111111111111
0 0.7515625 0.5833333333333334 0.0828125 0.07222222222222222
0 0.296875 0.9388888888888889 0.04375 0.11944444444444445
0 0.3 0.7888888888888889 0.0390625 0.125
0 0.321875 0.26666666666666666 0.0328125 0.10833333333333334
0 0.478125 0.575 0.084375 0.11388888888888889
0 0.434375 0.025 0.028125 0.05
0 0.6546875 0.5805555555555556 0.06875 0.06388888888888888
0 0.24375 0.9194444444444444 0.0484375 0.15833333333333333
0 0.0234375 0.40555555555555556 0.046875 0.06944444444444445
0 0.4265625 0.9305555555555556 0.0421875 0.13333333333333333
0 0.9828125 0.46944444444444444 0.034375 0.05
0 0.609375 0.3972222222222222 0.0609375 0.058333333333333334
0 0.9734375 0.5916666666666667 0.05 0.058333333333333334
0 0.7015625 0.4027777777777778 0.0859375 0.06666666666666667
0 0.3078125 0.5166666666666667 0.0359375 0.12777777777777777