0 0.059375 0.2638888888888889 0.0953125 0.07777777777777778
0 0.540625 0.5805555555555556 0.1109375 0.09166666666666666
0 0.2625 0.5833333333333334 0.109375 0.08333333333333333
0 0.475 0.7444444444444445 0.1078125 0.08611111111111111
0 0.15625 0.3861111111111111 0.11875 0.08888888888888889
0 0.4171875 0.5583333333333333 0.10625 0.08888888888888889
0 0.7265625 0.5944444444444444 0.115625 0.08611111111111111
0 0.1015625 0.5666666666666667 0.134375 0.1
0 0.63125 0.03333333333333333 0.103125 0.06388888888888888
0 0.490625 0.022222222222222223 0.115625 0.044444444444444446
0 0.0125 0.5222222222222223 0.025 0.075