0 0.68125 0.44722222222222224 0.0609375 0.05277777777777778
0 0.2890625 0.4583333333333333 0.065625 0.05277777777777778
0 0.8640625 0.44166666666666665 0.078125 0.05277777777777778
0 0.33125 0.5277777777777778 0.0671875 0.058333333333333334
0 0.4859375 0.6083333333333333 0.0703125 0.05555555555555555
0 0.2984375 0.38333333333333336 0.0671875 0.058333333333333334
0 0.4984375 0.4527777777777778 0.065625 0.05277777777777778
0 0.403125 0.45 0.065625 0.058333333333333334
0 0.3984375 0.38055555555555554 0.0625 0.05277777777777778
0 0.03125 0.4722222222222222 0.0625 0.05555555555555555
0 0.29375 0.6111111111111112 0.0625 0.058333333333333334
0 0.7765625 0.44166666666666665 0.0734375 0.05277777777777778
0 0.196875 0.46944444444444444 0.065625 0.05555555555555555
0 0.9609375 0.4444444444444444 0.0734375 0.05277777777777778
0 0.9734375 0.36944444444444446 0.0515625 0.05
0 0.1046875 0.6083333333333333 0.0640625 0.05555555555555555
0 0.584375 0.5277777777777778 0.071875 0.058333333333333334
0 0.396875 0.6 0.0609375 0.075
0 0.1734375 0.6222222222222222 0.06875 0.06111111111111111
0 0.690625 0.375 0.0625 0.05277777777777778
0 0.8546875 0.6138888888888889 0.0703125 0.058333333333333334
0 0.65 0.6194444444444445 0.0703125 0.05555555555555555
0 0.571875 0.6194444444444445 0.06875 0.05555555555555555
0 0.909375 0.36944444444444446 0.0734375 0.04722222222222222
0 0.75625 0.6194444444444445 0.0828125 0.05555555555555555
0 0.6078125 0.4444444444444444 0.05625 0.044444444444444446
0 0.946875 0.6083333333333333 0.08125 0.06111111111111111
0 0.3171875 0.19722222222222222 0.0296875 0.07222222222222222
0 0.115625 0.4638888888888889 0.059375 0.05277777777777778
0 0.2919921875 0.2638888888888889 0.294921875 0.2586805555555556 0.296875 0.1684027777777778 0.2919921875 0.1597222222222222 0.2705078125 0.1597222222222222 0.267578125 0.16493055555555555 0.265625 0.21354166666666666 0.265625 0.2552083333333333 0.2724609375 0.2638888888888889 0.2919921875 0.2638888888888889