0 0.8609375 0.2916666666666667 0.09375 0.12222222222222222
0 0.7578125 0.3055555555555556 0.078125 0.06944444444444445
0 0.3890625 0.18888888888888888 0.0328125 0.10277777777777777
0 0.4984375 0.3138888888888889 0.0546875 0.13055555555555556
0 0.1484375 0.525 0.0765625 0.05555555555555555
0 0.8203125 0.4 0.0984375 0.07222222222222222
0 0.9796875 0.3277777777777778 0.040625 0.06666666666666667
0 0.4390625 0.022222222222222223 0.028125 0.044444444444444446
0 0.6640625 0.2972222222222222 0.078125 0.06388888888888888
0 0.2484375 0.5055555555555555 0.0828125 0.06111111111111111
0 0.04375 0.5333333333333333 0.0875 0.06944444444444445
0 0.4828125 0.9388888888888889 0.0453125 0.11944444444444445
0 0.3515625 0.9583333333333334 0.0390625 0.08333333333333333