0 0.59375 0.5 0.10625 0.09444444444444444
0 0.8 0.475 0.1296875 0.09444444444444444
0 0.2609375 0.5472222222222223 0.1265625 0.13333333333333333
0 0.41875 0.5333333333333333 0.1078125 0.1
0 0.5640625 0.30833333333333335 0.10625 0.08888888888888889
0 0.940625 0.7861111111111111 0.11875 0.09722222222222222
0 0.803125 0.7916666666666666 0.1046875 0.10555555555555556
0 0.371875 0.3388888888888889 0.1203125 0.10555555555555556
0 0.4140625 0.8222222222222222 0.1125 0.10277777777777777
0 0 0.9184027777777778 0.0009765625 0.9201388888888888 0.0126953125 0.9201388888888888 0.0361328125 0.9131944444444444 0.0400390625 0.9097222222222222 0.044921875 0.9010416666666666 0.05078125 0.8559027777777778 0.05078125 0.8350694444444444 0.044921875 0.7204861111111112 0.041015625 0.6996527777777778 0.0361328125 0.6909722222222222 0.0263671875 0.6875 0.0107421875 0.6875 0.0009765625 0.6944444444444444 0 0.6961805555555556 0 0.9184027777777778
0 0 0.6059027777777778 0.0029296875 0.6076388888888888 0.015625 0.5954861111111112 0.0234375 0.5642361111111112 0.0234375 0.5434027777777778 0.01953125 0.4149305555555556 0.013671875 0.390625 0.0048828125 0.3784722222222222 0.0009765625 0.3784722222222222 0 0.3802083333333333 0 0.6059027777777778
0 0 0.3315972222222222 0.0009765625 0.3333333333333333 0.0048828125 0.3333333333333333 0.0205078125 0.3263888888888889 0.02734375 0.3177083333333333 0.029296875 0.3072916666666667 0.029296875 0.2621527777777778 0.025390625 0.1753472222222222 0.0234375 0.16493055555555555 0.0146484375 0.14583333333333334 0.0009765625 0.13541666666666666 0 0.1371527777777778 0 0.3315972222222222