0 0.59375 0.044444444444444446 0.01875 0.041666666666666664
0 0.571875 0.2111111111111111 0.0203125 0.05
0 0.56875 0.10833333333333334 0.01875 0.05
0 0.49375 0.2777777777777778 0.0234375 0.06666666666666667
0 0.5984375 0.18333333333333332 0.01875 0.05277777777777778
0 0.596875 0.5305555555555556 0.034375 0.08333333333333333
0 0.503125 0.07777777777777778 0.0203125 0.058333333333333334
0 0.565625 0.4527777777777778 0.025 0.06944444444444445
0 0.5 0.15 0.0203125 0.058333333333333334
0 0.6015625 0.3388888888888889 0.021875 0.06111111111111111
0 0.6046875 0.6666666666666666 0.025 0.08333333333333333
0 0.4875 0.44166666666666665 0.0265625 0.075
0 0.5578125 0.7944444444444444 0.028125 0.10277777777777777
0 0.46875 0.6777777777777778 0.028125 0.08055555555555556
0 0.6015625 0.4166666666666667 0.0234375 0.09166666666666666
0 0.603125 0.8 0.03125 0.125
0 0.475 0.5555555555555556 0.0234375 0.07777777777777778
0 0.496875 0.21388888888888888 0.0234375 0.06388888888888888
0 0.565625 0.011111111111111112 0.0171875 0.022222222222222223
0 0.5046875 0.022222222222222223 0.0171875 0.041666666666666664
0 0.5640625 0.5694444444444444 0.025 0.08333333333333333
0 0.5671875 0.3055555555555556 0.0234375 0.07777777777777778
0 0.94375 0.12222222222222222 0.015625 0.05
0 0.603125 0.975 0.0328125 0.05
0 0.5609375 0.6694444444444444 0.025 0.08888888888888889
0 0.55 0.9472222222222222 0.040625 0.10277777777777777
0 0.45 0.9638888888888889 0.0359375 0.06944444444444445