0 0.765625 0.5916666666666667 0.0328125 0.1111111111111111
0 0.275 0.5416666666666666 0.05625 0.07777777777777778
0 0.434375 0.44166666666666665 0.071875 0.07777777777777778
0 0.825 0.29444444444444445 0.05 0.08888888888888889
0 0.178125 0.4583333333333333 0.0734375 0.07222222222222222
0 0.4046875 0.3194444444444444 0.059375 0.075
0 0.471875 0.5388888888888889 0.078125 0.075
0 0.6609375 0.4888888888888889 0.0765625 0.06111111111111111
0 0.8375 0.5916666666666667 0.053125 0.15555555555555556
0 0.7296875 0.95 0.03125 0.1
0 0.7296875 0.4027777777777778 0.0625 0.075
0 0.2359375 0.30833333333333335 0.0609375 0.06666666666666667
0 0.54375 0.5055555555555555 0.0640625 0.06666666666666667
0 0.796875 0.7444444444444445 0.0359375 0.11388888888888889
0 0.2 0.3611111111111111 0.0671875 0.06666666666666667
0 0.171875 0.19722222222222222 0.08125 0.06944444444444445
0 0.740625 0.8055555555555556 0.0359375 0.13333333333333333
0 0.171875 0.9055555555555556 0.0328125 0.07222222222222222
0 0.2109375 0.9333333333333333 0.0375 0.08888888888888889
0 0.0296875 0.18333333333333332 0.0578125 0.058333333333333334
0 0.7875 0.925 0.0359375 0.13333333333333333
0 0.1203125 0.275 0.0578125 0.05277777777777778
0 0.35625 0.075 0.0328125 0.11388888888888889
0 0.35 0.6666666666666666 0.0578125 0.10555555555555556