0 0.96875 0.15555555555555556 0.0625 0.09722222222222222
0 0.840625 0.15555555555555556 0.134375 0.1
0 0.696875 0.16111111111111112 0.125 0.09444444444444444
0 0.3421875 0.175 0.11875 0.09166666666666666
0 0.053125 0.18333333333333332 0.1046875 0.09166666666666666
0 0.64375 0.3055555555555556 0.1234375 0.1111111111111111
0 0.90625 0.75 0.11875 0.15555555555555556
0 0.40625 0.6916666666666667 0.1234375 0.1
0 0.04375 0.6916666666666667 0.0859375 0.1
0 0.9734375 0.8722222222222222 0.05 0.14444444444444443
0 0.1859375 0.17222222222222222 0.109375 0.08888888888888889
0 0.778125 0.6972222222222222 0.1265625 0.1111111111111111