0 0.428125 0.4722222222222222 0.028125 0.06111111111111111
0 0.4546875 0.3611111111111111 0.025 0.05277777777777778
0 0.3609375 0.8555555555555555 0.0484375 0.11944444444444445
0 0.465625 0.3138888888888889 0.021875 0.044444444444444446
0 0.590625 0.4305555555555556 0.0234375 0.05555555555555555
0 0.478125 0.2222222222222222 0.015625 0.030555555555555555
0 0.484375 0.18055555555555555 0.0140625 0.030555555555555555
0 0.58125 0.25277777777777777 0.0171875 0.03333333333333333
0 0.46875 0.26666666666666666 0.0203125 0.041666666666666664
0 0.5015625 0.10555555555555556 0.0109375 0.019444444444444445
0 0.584375 0.19166666666666668 0.0140625 0.027777777777777776
0 0.6140625 0.6861111111111111 0.034375 0.1
0 0.53125 0.14166666666666666 0.0140625 0.019444444444444445
0 0.5453125 0.12777777777777777 0.0296875 0.016666666666666666
0 0.35 0.30277777777777776 0.015625 0.030555555555555555
0 0.559375 0.07777777777777778 0.009375 0.013888888888888888
0 0.4984375 0.13333333333333333 0.0078125 0.019444444444444445
0 0.590625 0.30277777777777776 0.021875 0.03333333333333333
0 0.5796875 0.10833333333333334 0.0125 0.016666666666666666