0 0.7859375 0.4777777777777778 0.075 0.05555555555555555
0 0.5625 0.06111111111111111 0.0328125 0.12222222222222222
0 0.459375 0.15 0.0296875 0.11944444444444445
0 0.684375 0.36944444444444446 0.071875 0.06111111111111111
0 0.23125 0.35833333333333334 0.0703125 0.058333333333333334
0 0.7703125 0.36944444444444446 0.0640625 0.05555555555555555
0 0.38125 0.3416666666666667 0.0640625 0.058333333333333334
0 0.4578125 0.041666666666666664 0.0296875 0.08333333333333333
0 0.7046875 0.6333333333333333 0.071875 0.06111111111111111
0 0.0125 0.4444444444444444 0.025 0.05555555555555555
0 0.10625 0.6166666666666667 0.071875 0.058333333333333334
0 0.5875 0.6111111111111112 0.071875 0.1111111111111111
0 0.9109375 0.65 0.075 0.06111111111111111
0 0.15 0.3611111111111111 0.0671875 0.06388888888888888
0 0.4171875 0.4666666666666667 0.05625 0.05555555555555555
0 0.3109375 0.3527777777777778 0.075 0.058333333333333334
0 0.9671875 0.5722222222222222 0.0640625 0.06388888888888888
0 0.00625 0.375 0.0109375 0.05555555555555555
0 0.834375 0.6472222222222223 0.08125 0.06388888888888888
0 0.4390625 0.9583333333333334 0.0265625 0.08055555555555556
0 0.540625 0.9583333333333334 0.0296875 0.08333333333333333