0 0.7671875 0.4111111111111111 0.0953125 0.07222222222222222
0 0.11875 0.28888888888888886 0.078125 0.06944444444444445
0 0.40625 0.37222222222222223 0.0796875 0.06666666666666667
0 0.3140625 0.5277777777777778 0.090625 0.06388888888888888
0 0.2140625 0.2777777777777778 0.0875 0.06944444444444445
0 0.5234375 0.3611111111111111 0.090625 0.075
0 0.103125 0.5333333333333333 0.0890625 0.06388888888888888
0 0.2125 0.5333333333333333 0.0859375 0.06666666666666667
0 0.6390625 0.4 0.1015625 0.075
0 0.0703125 0.375 0.0890625 0.07222222222222222
0 0.9421875 0.75 0.0609375 0.14444444444444443
0 0.275 0.3861111111111111 0.0859375 0.06944444444444445
0 0.021875 0.5222222222222223 0.04375 0.06944444444444445
0 0.0830078125 1 0.1181640625 0.9930555555555556 0.12109375 0.9878472222222222 0.123046875 0.9739583333333334 0.123046875 0.890625 0.115234375 0.8663194444444444 0.1064453125 0.8611111111111112 0.0888671875 0.8611111111111112 0.0791015625 0.8645833333333334 0.072265625 0.8767361111111112 0.0703125 0.9496527777777778 0.0703125 0.9704861111111112 0.072265625 0.9982638888888888 0.0732421875 1 0.0830078125 1