0 0.7375 0.275 0.059375 0.05
0 0.6578125 0.26666666666666666 0.06875 0.05277777777777778
0 0.3671875 0.08333333333333333 0.03125 0.1361111111111111
0 0.778125 0.5027777777777778 0.0734375 0.05555555555555555
0 0.303125 0.5194444444444445 0.071875 0.058333333333333334
0 0.584375 0.26944444444444443 0.0671875 0.06111111111111111
0 0.834375 0.28055555555555556 0.06875 0.05555555555555555
0 0.665625 0.4888888888888889 0.0703125 0.05555555555555555
0 0.4046875 0.5111111111111111 0.0703125 0.058333333333333334
0 0.6828125 0.5861111111111111 0.0671875 0.05
0 0.575 0.5 0.0703125 0.05277777777777778
0 0.5921875 0.5944444444444444 0.0546875 0.04722222222222222
0 0.7609375 0.5944444444444444 0.06875 0.058333333333333334
0 0.4890625 0.5194444444444445 0.06875 0.05
0 0.3734375 0.28055555555555556 0.0515625 0.15833333333333333
0 0.49375 0.5916666666666667 0.06875 0.05277777777777778
0 0.421875 0.5972222222222222 0.0640625 0.05555555555555555
0 0.2953125 0.1 0.0484375 0.1638888888888889