0 0.3828125 0.5888888888888889 0.1125 0.08888888888888889
0 0.7171875 0.4638888888888889 0.1125 0.08333333333333333
0 0.8921875 0.5861111111111111 0.11875 0.09166666666666666
0 0.071875 0.26944444444444443 0.1140625 0.09166666666666666
0 0.9 0.4666666666666667 0.1171875 0.08611111111111111
0 0.2625 0.29444444444444445 0.11875 0.1
0 0.228125 0.44166666666666665 0.1234375 0.10277777777777777
0 0.7328125 0.6027777777777777 0.1171875 0.08611111111111111
0 0.5671875 0.5972222222222222 0.1140625 0.09166666666666666
0 0.3828125 0.4666666666666667 0.109375 0.08055555555555556
0 0.909375 0.3055555555555556 0.1046875 0.08611111111111111
0 0.0359375 0.5444444444444444 0.0703125 0.08888888888888889
0 0.15625 0.5722222222222222 0.115625 0.09166666666666666
0 0.5484375 0.46944444444444444 0.1078125 0.08333333333333333
0 0.9859375 0.3 0.0265625 0.07777777777777778
0 0.025 0.40555555555555556 0.05 0.14166666666666666
0 0.5546875 0.3111111111111111 0.04375 0.10277777777777777