0 0.521875 0.03333333333333333 0.0328125 0.06666666666666667
0 0.225 0.575 0.078125 0.06111111111111111
0 0.421875 0.5861111111111111 0.08125 0.06388888888888888
0 0.6046875 0.225 0.0359375 0.14722222222222223
0 0.60625 0.016666666666666666 0.0421875 0.03333333333333333
0 0.521875 0.175 0.040625 0.16111111111111112
0 0.8953125 0.6416666666666667 0.0703125 0.058333333333333334
0 0.5171875 0.35555555555555557 0.0328125 0.12777777777777777
0 0.1375 0.5666666666666667 0.0703125 0.05555555555555555
0 0.3125 0.5833333333333334 0.0625 0.05555555555555555
0 0.021875 0.7972222222222223 0.04375 0.07222222222222222
0 0.803125 0.6222222222222222 0.0640625 0.05277777777777778
0 0.1046875 0.8055555555555556 0.0921875 0.07222222222222222
0 0.015625 0.5666666666666667 0.0296875 0.06666666666666667
0 0.9875 0.6527777777777778 0.025 0.05555555555555555
0 0.85625 0.85 0.075 0.06111111111111111
0 0.2234375 0.8111111111111111 0.0859375 0.07222222222222222
0 0.715625 0.6166666666666667 0.0671875 0.05555555555555555
0 0.3375 0.8194444444444444 0.103125 0.08333333333333333
0 0.440625 0.825 0.0765625 0.07222222222222222
0 0.5984375 0.8333333333333334 0.1015625 0.075
0 0.7421875 0.8333333333333334 0.109375 0.08611111111111111
0 0.9484375 0.8611111111111112 0.0703125 0.06944444444444445