0 0.54375 0.15833333333333333 0.025 0.08333333333333333
0 0.5859375 0.08888888888888889 0.021875 0.06666666666666667
0 0.5828125 0.022222222222222223 0.0234375 0.044444444444444446
0 0.540625 0.05 0.025 0.075
0 0.615625 0.17222222222222222 0.025 0.06388888888888888
0 0.575 0.5416666666666666 0.034375 0.1111111111111111
0 0.5109375 0.1111111111111111 0.025 0.075
0 0.609375 0.4083333333333333 0.0359375 0.11666666666666667
0 0.5171875 0.29444444444444445 0.025 0.07777777777777778
0 0.5875 0.16666666666666666 0.028125 0.07777777777777778
0 0.5296875 0.5361111111111111 0.03125 0.11666666666666667
0 0.534375 0.6777777777777778 0.0328125 0.11388888888888889
0 0.6546875 0.9611111111111111 0.0375 0.075
0 0.6390625 0.7861111111111111 0.0390625 0.1361111111111111
0 0.5921875 0.7944444444444444 0.03125 0.05555555555555555
0 0.59375 0.2777777777777778 0.0296875 0.08888888888888889
0 0.525 0.4027777777777778 0.0296875 0.09166666666666666
0 0.503125 0.022222222222222223 0.01875 0.041666666666666664
0 0.60625 0.9722222222222222 0.0328125 0.05277777777777778
0 0.696875 0.8666666666666667 0.0484375 0.15833333333333333