0 0.065625 0.29444444444444445 0.1078125 0.1111111111111111
0 0.23125 0.25 0.0984375 0.11388888888888889
0 0.2390625 0.4083333333333333 0.1 0.12777777777777777
0 0.6296875 0.4 0.1203125 0.11666666666666667
0 0.84375 0.4166666666666667 0.0984375 0.1
0 0.4375 0.5666666666666667 0.103125 0.1111111111111111
0 0.9109375 0.7277777777777777 0.059375 0.17222222222222222
0 0.971875 0.4638888888888889 0.05625 0.10277777777777777
0 0.2875 0.15555555555555556 0.128125 0.14444444444444443
0 0.9546875 0.9527777777777777 0.05 0.09166666666666666
0 0.421875 0.36666666666666664 0.1171875 0.1361111111111111
0 0.034375 0.12777777777777777 0.0671875 0.09444444444444444
0 0.984375 0.7777777777777778 0.03125 0.2222222222222222