0 0.609375 0.7305555555555555 0.071875 0.06388888888888888
0 0.3140625 0.5222222222222223 0.0375 0.11944444444444445
0 0.4234375 0.5055555555555555 0.0328125 0.10277777777777777
0 0.625 0.8583333333333333 0.078125 0.05555555555555555
0 0.2734375 0.5083333333333333 0.0359375 0.10555555555555556
0 0.53125 0.5138888888888888 0.03125 0.1
0 0.821875 0.6638888888888889 0.0671875 0.058333333333333334
0 0.59375 0.5 0.0328125 0.12222222222222222
0 0.190625 0.8472222222222222 0.078125 0.058333333333333334
0 0.3625 0.5166666666666667 0.03125 0.10277777777777777
0 0.859375 0.875 0.0734375 0.05555555555555555
0 0.1171875 0.6472222222222223 0.0734375 0.05555555555555555
0 0.5359375 0.3972222222222222 0.0296875 0.03333333333333333
0 0.4515625 0.6361111111111111 0.075 0.06944444444444445
0 0.475 0.5222222222222223 0.028125 0.10833333333333334
0 0.65625 0.5194444444444445 0.0328125 0.10277777777777777
0 0.6515625 0.6583333333333333 0.071875 0.06388888888888888
0 0.65 0.39444444444444443 0.0265625 0.025
0 0.2 0.7527777777777778 0.04375 0.08055555555555556
0 0.5875 0.40555555555555556 0.0328125 0.04722222222222222
0 0.0875 0.8361111111111111 0.0984375 0.075
0 0.9453125 0.375 0.0671875 0.08611111111111111
0 0.85625 0.5111111111111111 0.0890625 0.06666666666666667