0 0.5359375 0.5777777777777777 0.059375 0.05277777777777778
0 0.271875 0.4027777777777778 0.0515625 0.041666666666666664
0 0.5328125 0.425 0.0578125 0.044444444444444446
0 0.36875 0.575 0.0703125 0.058333333333333334
0 0.6421875 0.42777777777777776 0.0484375 0.041666666666666664
0 0.4421875 0.5805555555555556 0.059375 0.04722222222222222
0 0.559375 0.6611111111111111 0.0578125 0.05
0 0.48125 0.6527777777777778 0.05625 0.044444444444444446
0 0.290625 0.5805555555555556 0.0640625 0.05277777777777778
0 0.203125 0.5722222222222222 0.0625 0.05
0 0.109375 0.5555555555555556 0.0671875 0.044444444444444446
0 0.6578125 0.6055555555555555 0.0578125 0.05
0 0.74375 0.43333333333333335 0.078125 0.05
0 0.7515625 0.6027777777777777 0.075 0.058333333333333334
0 0.7609375 0.675 0.0609375 0.05555555555555555