0 0.88125 0.2833333333333333 0.0515625 0.06666666666666667
0 0.75 0.4361111111111111 0.0515625 0.06388888888888888
0 0.475 0.9166666666666666 0.0265625 0.1111111111111111
0 0.9796875 0.2611111111111111 0.0390625 0.058333333333333334
0 0.6203125 0.8805555555555555 0.0328125 0.1111111111111111
0 0.6296875 0.12777777777777777 0.0265625 0.08888888888888889
0 0.5875 0.24722222222222223 0.0265625 0.09166666666666666
0 0.171875 0.7805555555555556 0.05625 0.044444444444444446
0 0.5828125 0.9305555555555556 0.028125 0.11666666666666667
0 0.1015625 0.5083333333333333 0.0578125 0.041666666666666664
0 0.9359375 0.14722222222222223 0.0671875 0.08611111111111111
0 0.6 0.13333333333333333 0.0234375 0.08888888888888889