0 0.3453125 0.6916666666666667 0.0796875 0.075
0 0.0984375 0.725 0.0765625 0.075
0 0.265625 0.525 0.065625 0.06111111111111111
0 0.221875 0.6361111111111111 0.0703125 0.06111111111111111
0 0.49375 0.7888888888888889 0.06875 0.06666666666666667
0 0.384375 0.7722222222222223 0.096875 0.08055555555555556
0 0.153125 0.5305555555555556 0.0765625 0.06944444444444445
0 0.559375 0.5611111111111111 0.08125 0.075
0 0.35625 0.5333333333333333 0.078125 0.06111111111111111
0 0.60625 0.7944444444444444 0.0796875 0.07222222222222222
0 0.159375 0.45 0.0734375 0.06111111111111111
0 0.83125 0.5305555555555556 0.0953125 0.07222222222222222
0 0.015625 0.5722222222222222 0.0296875 0.11944444444444445
0 0.7015625 0.8138888888888889 0.0828125 0.07777777777777778
0 0.6890625 0.5222222222222223 0.0703125 0.05555555555555555
0 0.1984375 0.7472222222222222 0.0828125 0.08055555555555556
0 0.84375 0.8388888888888889 0.103125 0.08333333333333333
0 0.95625 0.85 0.075 0.07777777777777778