0 0.421875 0.12777777777777777 0.0484375 0.05277777777777778
0 0.2375 0.125 0.05 0.04722222222222222
0 0.2640625 0.38333333333333336 0.053125 0.041666666666666664
0 0.984375 0.5722222222222222 0.028125 0.044444444444444446
0 0.3296875 0.3333333333333333 0.0515625 0.041666666666666664
0 0.08125 0.9277777777777778 0.046875 0.11666666666666667
0 0.4140625 0.33055555555555555 0.0515625 0.041666666666666664
0 0.1484375 0.9555555555555556 0.046875 0.08888888888888889
0 0.0609375 0.36666666666666664 0.0546875 0.044444444444444446
0 0.1046875 0.7944444444444444 0.0359375 0.1111111111111111
0 0.10625 0.4111111111111111 0.0578125 0.04722222222222222
0 0.33125 0.4444444444444444 0.0546875 0.041666666666666664
0 0.2078125 0.3388888888888889 0.0546875 0.044444444444444446
0 0.115625 0.9444444444444444 0.04375 0.10555555555555556
0 0.984375 0.6555555555555556 0.0296875 0.044444444444444446
0 0.153125 0.7777777777777778 0.0453125 0.1
0 0.1421875 0.475 0.0578125 0.044444444444444446
0 0.50625 0.475 0.05625 0.05555555555555555
0 0.484375 0.3333333333333333 0.046875 0.04722222222222222
0 0.6015625 0.5333333333333333 0.05625 0.06666666666666667
0 0.5828125 0.375 0.053125 0.058333333333333334
0 0.4953125 0.4 0.053125 0.04722222222222222
0 0.5328125 0.013888888888888888 0.0546875 0.027777777777777776
0 0.5875 0.45555555555555555 0.065625 0.06944444444444445
0 0.4375 0.45555555555555555 0.0515625 0.044444444444444446
0 0.509375 0.9666666666666667 0.0265625 0.06111111111111111
0 0.540625 0.975 0.025 0.04722222222222222
0 0.190625 0.7972222222222223 0.0515625 0.12777777777777777
0 0.00625 0.42777777777777776 0.0109375 0.03888888888888889