0 0.25 0.16666666666666666 0.0453125 0.04722222222222222
0 0.7671875 0.15833333333333333 0.0484375 0.044444444444444446
0 0.43125 0.12222222222222222 0.034375 0.058333333333333334
0 0.3640625 0.15555555555555556 0.034375 0.06111111111111111
0 0.2109375 0.5166666666666667 0.05 0.06388888888888888
0 0.265625 0.43333333333333335 0.04375 0.05277777777777778
0 0.3859375 0.5055555555555555 0.040625 0.08055555555555556
0 0.6921875 0.05555555555555555 0.0390625 0.058333333333333334
0 0.4265625 0.575 0.0515625 0.07777777777777778
0 0.065625 0.35833333333333334 0.0546875 0.044444444444444446
0 0.3078125 0.49722222222222223 0.025 0.08611111111111111
0 0.353125 0.4083333333333333 0.0265625 0.08333333333333333
0 0.1890625 0.3611111111111111 0.05 0.04722222222222222
0 0.9046875 0.18888888888888888 0.05 0.04722222222222222
0 0.79375 0.10555555555555556 0.05 0.044444444444444446
0 0.8796875 0.12777777777777777 0.0484375 0.05
0 0.3453125 0.8583333333333333 0.0328125 0.12222222222222222
0 0.50625 0.6194444444444445 0.0515625 0.06666666666666667