0 0.7015625 0.49166666666666664 0.046875 0.05277777777777778
0 0.8421875 0.041666666666666664 0.025 0.05277777777777778
0 0.4984375 0.5611111111111111 0.05 0.05277777777777778
0 0.08125 0.9027777777777778 0.078125 0.06111111111111111
0 0.95 0.05555555555555555 0.03125 0.058333333333333334
0 0.7609375 0.044444444444444446 0.0234375 0.06944444444444445
0 0.70625 0.20555555555555555 0.0625 0.05555555555555555
0 0.5375 0.3472222222222222 0.028125 0.10555555555555556
0 0.9859375 0.20833333333333334 0.028125 0.05555555555555555
0 0.70625 0.13055555555555556 0.0515625 0.041666666666666664
0 0.696875 0.1638888888888889 0.0390625 0.041666666666666664