0 0.240625 0.7138888888888889 0.071875 0.06111111111111111
0 0.65 0.5194444444444445 0.03125 0.10277777777777777
0 0.1765625 0.85 0.078125 0.06111111111111111
0 0.4140625 0.5055555555555555 0.0328125 0.10277777777777777
0 0.5234375 0.5138888888888888 0.03125 0.1
0 0.1046875 0.6472222222222223 0.071875 0.05555555555555555
0 0.815625 0.6666666666666666 0.0671875 0.06111111111111111
0 0.2625 0.5083333333333333 0.0359375 0.10555555555555556
0 0.440625 0.6361111111111111 0.075 0.06944444444444445
0 0.6140625 0.8638888888888889 0.078125 0.058333333333333334
0 0.4671875 0.5222222222222223 0.028125 0.10833333333333334
0 0.3046875 0.5222222222222223 0.0390625 0.11944444444444445
0 0.528125 0.3972222222222222 0.0296875 0.03333333333333333
0 0.5859375 0.5 0.0328125 0.125
0 0.6421875 0.6555555555555556 0.0734375 0.07222222222222222
0 0.8515625 0.8833333333333333 0.075 0.058333333333333334
0 0.359375 0.8166666666666667 0.134375 0.125
0 0.6421875 0.39444444444444443 0.028125 0.025
0 0.353125 0.5166666666666667 0.03125 0.10277777777777777
0 0.0734375 0.8388888888888889 0.1 0.075
0 0.5796875 0.40555555555555556 0.0328125 0.04722222222222222
0 0.9421875 0.375 0.06875 0.08333333333333333
0 0.85 0.5166666666666667 0.0890625 0.06111111111111111