0 0.1890625 0.35555555555555557 0.04375 0.04722222222222222
0 0.75625 0.6527777777777778 0.040625 0.06666666666666667
0 0.4953125 0.32222222222222224 0.0390625 0.058333333333333334
0 0.2203125 0.4361111111111111 0.0421875 0.05277777777777778
0 0.8578125 0.18888888888888888 0.0421875 0.041666666666666664
0 0.3453125 0.5916666666666667 0.0390625 0.06111111111111111
0 0.0125 0.6416666666666667 0.025 0.06388888888888888
0 0.290625 0.5861111111111111 0.0375 0.06111111111111111
0 0.2671875 0.48333333333333334 0.0421875 0.058333333333333334
0 0.6484375 0.1 0.0265625 0.08055555555555556
0 0.8296875 0.5527777777777778 0.0375 0.058333333333333334
0 0.134375 0.32222222222222224 0.0421875 0.03888888888888889
0 0.1328125 0.36666666666666664 0.0515625 0.044444444444444446
0 0.35 0.525 0.0296875 0.05
0 0.24375 0.4 0.040625 0.05277777777777778
0 0.6609375 0.022222222222222223 0.0203125 0.044444444444444446
0 0.0671875 0.8166666666666667 0.0296875 0.07777777777777778
0 0.7796875 0.24444444444444444 0.0359375 0.03333333333333333
0 0.1328125 0.15 0.034375 0.03333333333333333
0 0.3078125 0.55 0.0375 0.06111111111111111
0 0.0875 0.9722222222222222 0.0234375 0.05555555555555555
0 0.778125 0.7194444444444444 0.053125 0.08888888888888889
0 0.4140625 0.625 0.01875 0.03888888888888889
0 0.075 0.8972222222222223 0.0234375 0.075
0 0.0421875 0.7333333333333333 0.034375 0.08333333333333333
0 0.3421875 0.6638888888888889 0.0390625 0.06388888888888888
0 0.6625 0.7777777777777778 0.04375 0.05555555555555555