0 0.6703125 0.6861111111111111 0.0328125 0.06666666666666667
0 0.703125 0.33611111111111114 0.0234375 0.06666666666666667
0 0.75 0.24722222222222223 0.0390625 0.041666666666666664
0 0.578125 0.20833333333333334 0.0390625 0.041666666666666664
0 0.5484375 0.13333333333333333 0.034375 0.03888888888888889
0 0.646875 0.925 0.0265625 0.08333333333333333
0 0.259375 0.625 0.0390625 0.03888888888888889
0 0.790625 0.3277777777777778 0.040625 0.03888888888888889
0 0.046875 0.6083333333333333 0.0484375 0.03333333333333333
0 0.5171875 0.8222222222222222 0.04375 0.03611111111111111
0 0.6609375 0.28888888888888886 0.0328125 0.08055555555555556
0 0.4015625 0.8333333333333334 0.0390625 0.044444444444444446
0 0.5875 0.7944444444444444 0.0390625 0.044444444444444446
0 0.503125 0.8694444444444445 0.040625 0.03333333333333333
0 0.2671875 0.6916666666666667 0.034375 0.03888888888888889
0 0.44375 0.7555555555555555 0.0421875 0.05277777777777778
0 0.3640625 0.6055555555555555 0.025 0.06666666666666667
0 0.9125 0.39444444444444443 0.040625 0.03333333333333333
0 0.6140625 0.9333333333333333 0.025 0.08611111111111111
0 0.9453125 0.3388888888888889 0.05 0.03611111111111111
0 0.8203125 0.37777777777777777 0.040625 0.027777777777777776
0 0.2171875 0.6638888888888889 0.040625 0.03333333333333333
0 0.1671875 0.7 0.040625 0.03333333333333333
0 0.271875 0.7444444444444445 0.0421875 0.044444444444444446
0 0.103125 0.6055555555555555 0.0421875 0.030555555555555555
0 0.0390625 0.4027777777777778 0.0484375 0.04722222222222222
0 0.065625 0.06388888888888888 0.0421875 0.030555555555555555
0 0.3546875 0.4222222222222222 0.025 0.03611111111111111
0 0.04375 0.6527777777777778 0.0515625 0.03333333333333333
0 0.2015625 0.6027777777777777 0.025 0.03611111111111111