0 0.384375 0.06944444444444445 0.05 0.044444444444444446
0 0.2984375 0.4361111111111111 0.05 0.07777777777777778
0 0.6375 0.7972222222222223 0.0578125 0.07222222222222222
0 0.3640625 0.5305555555555556 0.0484375 0.08055555555555556
0 0.5578125 0.8055555555555556 0.05625 0.08055555555555556
0 0.975 0.1111111111111111 0.046875 0.04722222222222222
0 0.8265625 0.10555555555555556 0.0515625 0.041666666666666664
0 0.0640625 0.24722222222222223 0.05625 0.05
0 0.153125 0.26666666666666666 0.053125 0.05
0 0.0546875 0.19166666666666668 0.0546875 0.04722222222222222
0 0.3328125 0.4027777777777778 0.05 0.075
0 0.3765625 0.38333333333333336 0.0515625 0.08055555555555556
0 0.215625 0.2972222222222222 0.053125 0.05555555555555555
0 0.315625 0.30833333333333335 0.0421875 0.06111111111111111
0 0.434375 0.4638888888888889 0.059375 0.09444444444444444
0 0.1171875 0.31666666666666665 0.05 0.04722222222222222
0 0.4046875 0.5111111111111111 0.0484375 0.08055555555555556
0 0.21875 0.35833333333333334 0.0671875 0.075
0 0.275 0.2611111111111111 0.0421875 0.05555555555555555
0 0.5046875 0.05277777777777778 0.05 0.041666666666666664
0 0.034375 0.7472222222222222 0.0390625 0.08888888888888889
0 0.01875 0.6555555555555556 0.0359375 0.1
0 0.1296875 0.20833333333333334 0.0640625 0.05
0 0.278125 0.33611111111111114 0.0515625 0.06666666666666667
0 0.209375 0.2361111111111111 0.065625 0.06111111111111111
0 0.9359375 0.041666666666666664 0.0671875 0.058333333333333334
0 0.059375 0.9388888888888889 0.0375 0.11388888888888889
0 0.646875 0.18611111111111112 0.05 0.058333333333333334