0 0.81875 0.08888888888888889 0.071875 0.07777777777777778
0 0.8625 0.6277777777777778 0.08125 0.08888888888888889
0 0.81875 0.21388888888888888 0.075 0.07222222222222222
0 0.6109375 0.2 0.0890625 0.08333333333333333
0 0.6859375 0.5583333333333333 0.084375 0.075
0 0.9875 0.11666666666666667 0.025 0.06388888888888888
0 0.8875 0.7916666666666666 0.0875 0.1
0 0.0640625 0.5222222222222223 0.071875 0.05555555555555555
0 0.278125 0.6305555555555555 0.08125 0.06388888888888888
0 0.478125 0.6194444444444445 0.0671875 0.058333333333333334
0 0.94375 0.016666666666666666 0.0625 0.03333333333333333
0 0.3890625 0.5277777777777778 0.071875 0.06111111111111111
0 0.6984375 0.6666666666666666 0.0953125 0.08055555555555556