0 0.7859375 0.1388888888888889 0.059375 0.058333333333333334
0 0.6515625 0.8361111111111111 0.0546875 0.09444444444444444
0 0.8734375 0.11666666666666667 0.0625 0.06111111111111111
0 0.3 0.24722222222222223 0.06875 0.05555555555555555
0 0.5578125 0.2 0.0546875 0.05555555555555555
0 0.825 0.40555555555555556 0.065625 0.06111111111111111
0 0.621875 0.18055555555555555 0.05625 0.05555555555555555
0 0.08125 0.28055555555555556 0.0671875 0.058333333333333334
0 0.7375 0.9583333333333334 0.0578125 0.08333333333333333
0 0.75625 0.6 0.0625 0.05
0 0.9859375 0.35 0.028125 0.05555555555555555
0 0.1640625 0.26666666666666666 0.059375 0.05555555555555555
0 0.73125 0.43333333333333335 0.0875 0.075
0 0.4859375 0.2111111111111111 0.078125 0.06388888888888888
0 0.178125 0.5583333333333333 0.0671875 0.05555555555555555
0 0.0484375 0.5777777777777777 0.065625 0.06111111111111111
0 0.16875 0.7444444444444445 0.0828125 0.05555555555555555
0 0.25625 0.5527777777777778 0.084375 0.058333333333333334
0 0.8328125 0.575 0.078125 0.075