0 0.775 0.275 0.046875 0.07777777777777778
0 0.74375 0.08333333333333333 0.05 0.08888888888888889
0 0.7515625 0.14722222222222223 0.0515625 0.09444444444444444
0 0.3828125 0.030555555555555555 0.028125 0.058333333333333334
0 0.7640625 0.21388888888888888 0.0515625 0.09166666666666666
0 0.81875 0.6166666666666667 0.046875 0.07777777777777778
0 0.1640625 0.49166666666666664 0.059375 0.09722222222222222
0 0.41875 0.24166666666666667 0.0265625 0.09722222222222222
0 0.1578125 0.6333333333333333 0.05625 0.09166666666666666
0 0.159375 0.23055555555555557 0.05625 0.1
0 0.415625 0.027777777777777776 0.0265625 0.05277777777777778
0 0.8359375 0.7555555555555555 0.0578125 0.09444444444444444
0 0.778125 0.3416666666666667 0.053125 0.09166666666666666
0 0.7859375 0.4111111111111111 0.0484375 0.08611111111111111
0 0.5578125 0.35 0.025 0.09166666666666666
0 0.3546875 0.25 0.025 0.09444444444444444
0 0.7984375 0.48333333333333334 0.0546875 0.09722222222222222
0 0.5265625 0.9777777777777777 0.0375 0.044444444444444446
0 0.653125 0.34444444444444444 0.0265625 0.1
0 0.4515625 0.24166666666666667 0.0265625 0.08333333333333333
0 0.3625 0.7638888888888888 0.03125 0.1111111111111111
0 0.5203125 0.3527777777777778 0.025 0.10277777777777777
0 0.8171875 0.9694444444444444 0.0421875 0.06111111111111111
0 0.390625 0.3638888888888889 0.025 0.09722222222222222
0 0.571875 0.9777777777777777 0.0375 0.044444444444444446
0 0.0265625 0.38333333333333336 0.053125 0.05
0 0.809375 0.55 0.0578125 0.1
0 0.390625 0.24444444444444444 0.0234375 0.08888888888888889
0 0.48125 0.025 0.025 0.04722222222222222
0 0.4875 0.24444444444444444 0.025 0.09444444444444444
0 0.4296875 0.7416666666666667 0.028125 0.10277777777777777
0 0.6 0.7333333333333333 0.0265625 0.10555555555555556
0 0.45625 0.35833333333333334 0.0265625 0.09166666666666666
0 0.35 0.027777777777777776 0.021875 0.05277777777777778
0 0.6203125 0.3611111111111111 0.025 0.08611111111111111
0 0.35625 0.36666666666666664 0.0296875 0.10555555555555556
0 0.465625 0.7388888888888889 0.0265625 0.10555555555555556
0 0.5515625 0.23333333333333334 0.0265625 0.09722222222222222
0 0.6125 0.9777777777777777 0.0375 0.041666666666666664
0 0.590625 0.35555555555555557 0.0265625 0.10277777777777777
0 0.8453125 0.8277777777777777 0.0640625 0.09166666666666666
0 0.4484375 0.025 0.0265625 0.05
0 0.634375 0.7277777777777777 0.0265625 0.09166666666666666
0 0.56875 0.7305555555555555 0.0265625 0.10555555555555556
0 0.528125 0.6111111111111112 0.0265625 0.10555555555555556
0 0.6515625 0.225 0.0265625 0.09722222222222222
0 0.446875 0.9777777777777777 0.0375 0.041666666666666664
0 0.66875 0.7277777777777777 0.0296875 0.11388888888888889
0 0.5109375 0.019444444444444445 0.0234375 0.03611111111111111
0 0.0296875 0.6694444444444444 0.046875 0.04722222222222222
0 0.6109375 0.022222222222222223 0.028125 0.044444444444444446
0 0.4921875 0.6166666666666667 0.028125 0.1111111111111111
0 0.4859375 0.35 0.028125 0.09166666666666666
0 0.665625 0.6027777777777777 0.03125 0.1111111111111111
0 0.03125 0.4388888888888889 0.0625 0.058333333333333334
0 0.615625 0.22777777777777777 0.0265625 0.08888888888888889
0 0.034375 0.32222222222222224 0.0671875 0.05555555555555555
0 0.459375 0.6138888888888889 0.0265625 0.10555555555555556
0 0.6296875 0.6027777777777777 0.0296875 0.1111111111111111
0 0.5625 0.6083333333333333 0.03125 0.11388888888888889
0 0.5296875 0.7333333333333333 0.0265625 0.10555555555555556
0 0.3578125 0.6166666666666667 0.03125 0.11388888888888889
0 0.3171875 0.9722222222222222 0.0421875 0.05277777777777778
0 0.703125 0.7333333333333333 0.0265625 0.1
0 0.496875 0.7472222222222222 0.0265625 0.1
0 0.7 0.6 0.03125 0.11388888888888889
0 0.15 0.013888888888888888 0.0390625 0.027777777777777776
0 0.4265625 0.6138888888888889 0.0265625 0.10833333333333334
0 0.7359375 0.03333333333333333 0.053125 0.06388888888888888
0 0.5765625 0.022222222222222223 0.0265625 0.044444444444444446
0 0.421875 0.3638888888888889 0.028125 0.1
0 0.6953125 0.9694444444444444 0.04375 0.058333333333333334
0 0.5421875 0.019444444444444445 0.0234375 0.03611111111111111
0 0.03125 0.5027777777777778 0.059375 0.044444444444444446
0 0.51875 0.23333333333333334 0.028125 0.09722222222222222
0 0.778125 0.9694444444444444 0.04375 0.06111111111111111
0 0.584375 0.22777777777777777 0.03125 0.12222222222222222
0 0.39375 0.9805555555555555 0.046875 0.03888888888888889
0 0.3921875 0.6222222222222222 0.028125 0.10277777777777777
0 0.028125 0.7916666666666666 0.0484375 0.05277777777777778
0 0.828125 0.6861111111111111 0.0515625 0.08333333333333333
0 0.0265625 0.5611111111111111 0.0515625 0.044444444444444446
0 0.5984375 0.6027777777777777 0.028125 0.10555555555555556
0 0.7359375 0.9694444444444444 0.0375 0.058333333333333334
0 0.65625 0.9777777777777777 0.0328125 0.044444444444444446