0 0.4015625 0.38333333333333336 0.0671875 0.05555555555555555
0 0.96875 0.6361111111111111 0.059375 0.09722222222222222
0 0.325 0.45 0.05625 0.05277777777777778
0 0.3671875 0.9888888888888889 0.028125 0.016666666666666666
0 0.9328125 0.5138888888888888 0.0625 0.04722222222222222
0 0.2828125 0.3055555555555556 0.0671875 0.05555555555555555
0 0.55625 0.4861111111111111 0.071875 0.058333333333333334
0 0.14375 0.4222222222222222 0.0671875 0.058333333333333334
0 0.2 0.16111111111111112 0.0765625 0.09722222222222222
0 0.565625 0.3888888888888889 0.0796875 0.058333333333333334
0 0.771875 0.49444444444444446 0.0734375 0.058333333333333334
0 0.3984375 0.1361111111111111 0.0296875 0.11388888888888889
0 0.06875 0.019444444444444445 0.0390625 0.03611111111111111
0 0.384375 0.6777777777777778 0.06875 0.15555555555555556
0 0.296875 0.9638888888888889 0.0328125 0.06944444444444445
0 0.4671875 0.013888888888888888 0.028125 0.027777777777777776