0 0.7453125 0.48333333333333334 0.0796875 0.06388888888888888
0 0.190625 0.5777777777777777 0.0953125 0.06666666666666667
0 0.45 0.5944444444444444 0.08125 0.06111111111111111
0 0.04375 0.5944444444444444 0.0875 0.06388888888888888
0 0.421875 0.475 0.0671875 0.058333333333333334
0 0.6640625 0.6083333333333333 0.078125 0.05555555555555555
0 0.5609375 0.6 0.0765625 0.05555555555555555
0 0.509375 0.4722222222222222 0.0765625 0.058333333333333334
0 0.9453125 0.6055555555555555 0.0859375 0.06388888888888888
0 0.6125 0.4777777777777778 0.075 0.06388888888888888
0 0.3078125 0.6055555555555555 0.1 0.06666666666666667
0 0.7890625 0.6027777777777777 0.0796875 0.06111111111111111
0 0.0265625 0.4861111111111111 0.0515625 0.058333333333333334
0 0.940625 0.4861111111111111 0.078125 0.06111111111111111
0 0.325 0.4777777777777778 0.08125 0.05277777777777778