0 0.240625 0.6944444444444444 0.078125 0.06666666666666667
0 0.3015625 0.5833333333333334 0.0859375 0.06666666666666667
0 0.190625 0.6055555555555555 0.084375 0.06666666666666667
0 0.0890625 0.6111111111111112 0.0765625 0.06944444444444445
0 0.809375 0.6 0.08125 0.06944444444444445
0 0.884375 0.7861111111111111 0.0796875 0.06666666666666667
0 0.6984375 0.8194444444444444 0.0828125 0.075
0 0.6859375 0.5972222222222222 0.075 0.06666666666666667
0 0.421875 0.03888888888888889 0.0453125 0.07777777777777778
0 0.9625 0.5722222222222222 0.071875 0.07222222222222222
0 0.5765625 0.5777777777777777 0.09375 0.06944444444444445
0 0.0484375 0.7138888888888889 0.096875 0.07777777777777778
0 0.00625 0.6333333333333333 0.0109375 0.05555555555555555