0 0.5640625 0.058333333333333334 0.0234375 0.06388888888888888
0 0.571875 0.14444444444444443 0.0234375 0.06111111111111111
0 0.5625 0.4166666666666667 0.025 0.07222222222222222
0 0.6046875 0.4583333333333333 0.0296875 0.07222222222222222
0 0.6234375 0.28888888888888886 0.028125 0.07222222222222222
0 0.596875 0.37222222222222223 0.025 0.06666666666666667
0 0.5640625 0.5361111111111111 0.0328125 0.08055555555555556
0 0.5765625 0.21388888888888888 0.021875 0.05555555555555555
0 0.65 0.8944444444444445 0.034375 0.10833333333333334
0 0.5296875 0.027777777777777776 0.021875 0.05277777777777778
0 0.5390625 0.6666666666666666 0.0328125 0.1
0 0.5875 0.2916666666666667 0.028125 0.07222222222222222
0 0.6734375 0.7194444444444444 0.034375 0.10555555555555556
0 0.6359375 0.75 0.0359375 0.12777777777777777
0 0.715625 0.41944444444444445 0.034375 0.044444444444444446
0 0.6859375 0.8611111111111112 0.034375 0.09722222222222222
0 0.546875 0.8055555555555556 0.0359375 0.13333333333333333
0 0.609375 0.19444444444444445 0.03125 0.08888888888888889
0 0.5296875 0.5416666666666666 0.0265625 0.10833333333333334
0 0.6453125 0.4861111111111111 0.0296875 0.08333333333333333
0 0.596875 0.08055555555555556 0.025 0.06666666666666667
0 0.5578125 0.9722222222222222 0.0328125 0.05277777777777778
0 0.5 0.019444444444444445 0.0171875 0.03611111111111111
0 0.6203125 0.5944444444444444 0.0296875 0.08888888888888889
0 0.5078125 0.10833333333333334 0.0234375 0.06944444444444445