0 0.3 0.42777777777777776 0.075 0.058333333333333334
0 0.0359375 0.425 0.0703125 0.058333333333333334
0 0.2109375 0.42777777777777776 0.084375 0.058333333333333334
0 0.65625 0.6 0.06875 0.05277777777777778
0 0.5515625 0.41944444444444445 0.059375 0.05277777777777778
0 0.7765625 0.6 0.0734375 0.06111111111111111
0 0.98125 0.5833333333333334 0.034375 0.05
0 0.9 0.6 0.06875 0.05555555555555555
0 0.478125 0.4222222222222222 0.0578125 0.04722222222222222
0 0.825 0.41388888888888886 0.0703125 0.05
0 0.4703125 0.6166666666666667 0.071875 0.058333333333333334
0 0.7234375 0.41388888888888886 0.0578125 0.058333333333333334
0 0.9328125 0.4083333333333333 0.0890625 0.058333333333333334
0 0.2875 0.6083333333333333 0.0921875 0.06666666666666667