0 0.1890625 0.4583333333333333 0.0625 0.04722222222222222
0 0.3015625 0.4722222222222222 0.0640625 0.05277777777777778
0 0.46875 0.5583333333333333 0.0640625 0.05
0 0.15 0.5472222222222223 0.065625 0.05277777777777778
0 0.0234375 0.5416666666666666 0.046875 0.05
0 0.41875 0.4638888888888889 0.0671875 0.05555555555555555
0 0.690625 0.48055555555555557 0.0640625 0.05
0 0.6296875 0.39166666666666666 0.0609375 0.05277777777777778
0 0.703125 0.39444444444444443 0.065625 0.05555555555555555
0 0.721875 0.5666666666666667 0.06875 0.05
0 0.6015625 0.4861111111111111 0.0671875 0.05
0 0.8890625 0.48333333333333334 0.065625 0.04722222222222222
0 0.775 0.48333333333333334 0.0640625 0.04722222222222222
0 0.9796875 0.575 0.0390625 0.05
0 0.7984375 0.5694444444444444 0.065625 0.05277777777777778
0 0.865625 0.5722222222222222 0.0671875 0.04722222222222222
0 0.4 0.5555555555555556 0.0625 0.05277777777777778
0 0.4546875 0.39166666666666666 0.059375 0.05277777777777778
0 0.7953125 0.022222222222222223 0.015625 0.041666666666666664
0 0.0359375 0.4388888888888889 0.071875 0.07222222222222222
0 0.38125 0.39444444444444443 0.06875 0.05555555555555555
0 0.546875 0.3888888888888889 0.0765625 0.06388888888888888
0 0.525 0.48055555555555557 0.0578125 0.05