0 0.41875 0.34444444444444444 0.0625 0.05
0 0.15 0.6083333333333333 0.075 0.05277777777777778
0 0.3296875 0.5388888888888889 0.0671875 0.05277777777777778
0 0.88125 0.6027777777777777 0.0609375 0.05
0 0.71875 0.6138888888888889 0.0578125 0.04722222222222222
0 0.559375 0.35 0.0546875 0.04722222222222222
0 0.15625 0.5333333333333333 0.06875 0.044444444444444446
0 0.8078125 0.6166666666666667 0.059375 0.04722222222222222
0 0.2375 0.6138888888888889 0.06875 0.05277777777777778
0 0.64375 0.3527777777777778 0.0484375 0.044444444444444446
0 0.5234375 0.6333333333333333 0.0609375 0.05
0 0.13125 0.3388888888888889 0.0703125 0.05277777777777778
0 0.7203125 0.3527777777777778 0.0703125 0.05
0 0.4875 0.5277777777777778 0.0625 0.05
0 0.2359375 0.5277777777777778 0.065625 0.04722222222222222
0 0.903125 0.5305555555555556 0.0578125 0.05
0 0.959375 0.5305555555555556 0.028125 0.03888888888888889
0 0.015625 0.5305555555555556 0.0296875 0.05
0 0.6984375 0.5305555555555556 0.08125 0.05555555555555555
0 0.340625 0.6166666666666667 0.0609375 0.04722222222222222
0 0.421875 0.6166666666666667 0.0703125 0.05
0 0.409375 0.5222222222222223 0.0515625 0.044444444444444446
0 0.56875 0.5277777777777778 0.0671875 0.04722222222222222
0 0.9453125 0.35833333333333334 0.0375 0.04722222222222222
0 0.8 0.5277777777777778 0.05625 0.05
0 0.946875 0.6055555555555555 0.0484375 0.05