0 0.715625 0.45 0.08125 0.2388888888888889
0 0.6421875 0.05277777777777778 0.1015625 0.10555555555555556
0 0.2203125 0.5805555555555556 0.1328125 0.12777777777777777
0 0.840625 0.7166666666666667 0.1140625 0.25555555555555554
0 0.41875 0.4888888888888889 0.125 0.15
0 0.98125 0.9638888888888889 0.0375 0.06944444444444445
0 0.403125 0.6944444444444444 0.1109375 0.13333333333333333
0 0.4515625 0.8694444444444445 0.1375 0.16111111111111112
0 0.2421875 0.4444444444444444 0.125 0.125
0 0.0546875 0.5388888888888889 0.1078125 0.10277777777777777
0 0.0640625 0.375 0.128125 0.1111111111111111