0 0.83125 0.5472222222222223 0.0859375 0.06944444444444445
0 0.7203125 0.5416666666666666 0.0859375 0.058333333333333334
0 0.503125 0.5194444444444445 0.08125 0.058333333333333334
0 0.23125 0.4861111111111111 0.08125 0.06944444444444445
0 0.090625 0.3611111111111111 0.0453125 0.15
0 0.759375 0.6388888888888888 0.08125 0.06388888888888888
0 0.490625 0.95 0.0375 0.09444444444444444
0 0.3796875 0.5 0.084375 0.06666666666666667
0 0.6203125 0.525 0.0765625 0.05555555555555555
0 0.621875 0.6166666666666667 0.1046875 0.06944444444444445
0 0.1296875 0.027777777777777776 0.0515625 0.05555555555555555
0 0.984375 0.03888888888888889 0.03125 0.075