0 0.6953125 0.7666666666666667 0.0875 0.08611111111111111
0 0.5921875 0.6083333333333333 0.103125 0.08055555555555556
0 0.925 0.44722222222222224 0.096875 0.19722222222222222
0 0.3046875 0.10555555555555556 0.1140625 0.07777777777777778
0 0.4828125 0.7888888888888889 0.08125 0.08055555555555556
0 0.5140625 0.08888888888888889 0.09375 0.075
0 0.4125 0.10277777777777777 0.0953125 0.06944444444444445
0 0.2890625 0.6111111111111112 0.103125 0.07777777777777778
0 0.615625 0.09166666666666666 0.09375 0.07222222222222222
0 0.184375 0.8416666666666667 0.1046875 0.08055555555555556
0 0.321875 0.7805555555555556 0.11875 0.08333333333333333
0 0.4609375 0.18333333333333332 0.1203125 0.08055555555555556
0 0.0078125 0.6194444444444445 0.015625 0.06666666666666667