0 0.18125 0.4305555555555556 0.0546875 0.05277777777777778
0 0.7734375 0.40555555555555556 0.059375 0.05
0 0.5671875 0.4111111111111111 0.0609375 0.04722222222222222
0 0.3953125 0.41388888888888886 0.0515625 0.04722222222222222
0 0.8890625 0.41388888888888886 0.06875 0.05555555555555555
0 0.3234375 0.4166666666666667 0.059375 0.05
0 0.459375 0.5 0.0640625 0.044444444444444446
0 0.475 0.4166666666666667 0.071875 0.05277777777777778
0 0.1734375 0.3111111111111111 0.05625 0.05
0 0.0609375 0.1111111111111111 0.0359375 0.08611111111111111
0 0.41875 0.2361111111111111 0.0484375 0.04722222222222222
0 0.665625 0.4 0.05625 0.05
0 0.10625 0.019444444444444445 0.028125 0.03611111111111111
0 0.9609375 0.14444444444444443 0.0296875 0.08055555555555556
0 0.25 0.3194444444444444 0.05625 0.04722222222222222
0 0.071875 0.027777777777777776 0.0296875 0.05555555555555555
0 0.0984375 0.1 0.034375 0.08055555555555556
0 0.0328125 0.10833333333333334 0.0328125 0.08055555555555556
0 0.146875 0.23333333333333334 0.0359375 0.09166666666666666
0 0.2359375 0.8194444444444444 0.0375 0.1361111111111111
0 0.959375 0.49166666666666664 0.06875 0.05555555555555555
0 0.9921875 0.1111111111111111 0.0140625 0.09444444444444444