0 0.1484375 0.5055555555555555 0.0828125 0.14722222222222223
0 0.4859375 0.7694444444444445 0.084375 0.08611111111111111
0 0.0421875 0.6388888888888888 0.0828125 0.09166666666666666
0 0.603125 0.7666666666666667 0.084375 0.075
0 0.6125 0.5777777777777777 0.0828125 0.07777777777777778
0 0.90625 0.575 0.0875 0.07222222222222222
0 0.665625 0.6861111111111111 0.078125 0.07222222222222222
0 0.709375 0.7666666666666667 0.08125 0.075
0 0.8296875 0.6888888888888889 0.1046875 0.07777777777777778
0 1 0.7309027777777778 0.9990234375 0.7291666666666666 0.9912109375 0.7256944444444444 0.9580078125 0.7256944444444444 0.9365234375 0.7326388888888888 0.935546875 0.734375 0.935546875 0.7829861111111112 0.9404296875 0.7916666666666666 0.9990234375 0.7916666666666666 1 0.7899305555555556 1 0.7309027777777778
0 0.8662109375 0.7881944444444444 0.9072265625 0.7881944444444444 0.9189453125 0.7847222222222222 0.92578125 0.7760416666666666 0.9296875 0.7586805555555556 0.9296875 0.734375 0.9169921875 0.71875 0.8740234375 0.71875 0.8544921875 0.7256944444444444 0.8515625 0.734375 0.849609375 0.7621527777777778 0.853515625 0.7760416666666666 0.8583984375 0.7847222222222222 0.8662109375 0.7881944444444444