0 0.2390625 0.29444444444444445 0.0328125 0.09166666666666666
0 0.078125 0.3527777777777778 0.0578125 0.04722222222222222
0 0.0921875 0.5194444444444445 0.0671875 0.05555555555555555
0 0.93125 0.5666666666666667 0.0703125 0.05
0 0.8125 0.3055555555555556 0.0390625 0.09722222222222222
0 0.84375 0.25833333333333336 0.0328125 0.08055555555555556
0 0.0171875 0.5138888888888888 0.034375 0.05277777777777778
0 0.5921875 0.5972222222222222 0.0625 0.04722222222222222
0 0.6828125 0.6166666666666667 0.0640625 0.05555555555555555
0 0.8625 0.35833333333333334 0.0375 0.1
0 0.5109375 0.5833333333333334 0.0640625 0.041666666666666664
0 0.009375 0.34444444444444444 0.01875 0.04722222222222222
0 0.9326171875 0.8506944444444444 0.9365234375 0.8472222222222222 0.9453125 0.8315972222222222 0.974609375 0.7621527777777778 0.974609375 0.7586805555555556 0.9560546875 0.7326388888888888 0.9521484375 0.7326388888888888 0.9482421875 0.7361111111111112 0.93359375 0.7621527777777778 0.912109375 0.8072916666666666 0.91015625 0.8177083333333334 0.91796875 0.8350694444444444 0.9228515625 0.84375 0.9326171875 0.8506944444444444
0 0.6591796875 0.71875 0.6669921875 0.7222222222222222 0.7177734375 0.7256944444444444 0.7314453125 0.7256944444444444 0.736328125 0.7204861111111112 0.73828125 0.7065972222222222 0.73828125 0.6927083333333334 0.7333984375 0.6736111111111112 0.7275390625 0.6701388888888888 0.7138671875 0.6666666666666666 0.6689453125 0.6597222222222222 0.6591796875 0.6597222222222222 0.654296875 0.671875 0.65234375 0.6788194444444444 0.65234375 0.6961805555555556 0.65625 0.7135416666666666 0.6591796875 0.71875
0 0.4482421875 0.5972222222222222 0.4580078125 0.5902777777777778 0.4609375 0.5850694444444444 0.4609375 0.5677083333333334 0.4560546875 0.5590277777777778 0.4404296875 0.5520833333333334 0.4228515625 0.5486111111111112 0.4013671875 0.5486111111111112 0.396484375 0.5607638888888888 0.39453125 0.5711805555555556 0.3955078125 0.5729166666666666 0.4326171875 0.5972222222222222 0.4482421875 0.5972222222222222
0 0.5732421875 0.3715277777777778 0.5869140625 0.3715277777777778 0.5927734375 0.3680555555555556 0.595703125 0.359375 0.595703125 0.3385416666666667 0.591796875 0.2934027777777778 0.58984375 0.2864583333333333 0.5849609375 0.28125 0.5732421875 0.28125 0.568359375 0.2864583333333333 0.56640625 0.2934027777777778 0.56640625 0.3107638888888889 0.5703125 0.3663194444444444 0.5732421875 0.3715277777777778
0 0.1591796875 1 0.1689453125 0.9930555555555556 0.169921875 0.9913194444444444 0.17578125 0.8975694444444444 0.17578125 0.8871527777777778 0.171875 0.8697916666666666 0.1689453125 0.8645833333333334 0.1455078125 0.8645833333333334 0.140625 0.8697916666666666 0.138671875 0.8767361111111112 0.13671875 0.8940972222222222 0.1328125 0.9496527777777778 0.1328125 0.9982638888888888 0.1337890625 1 0.1591796875 1