0 0.4046875 0.26944444444444443 0.1171875 0.10277777777777777
0 0.6109375 0.2861111111111111 0.1328125 0.10555555555555556
0 0.775 0.2638888888888889 0.1140625 0.09166666666666666
0 0.0625 0.8277777777777777 0.125 0.1388888888888889
0 0.8390625 0.4305555555555556 0.1421875 0.10555555555555556
0 0.6515625 0.43333333333333335 0.11875 0.1
0 0.2734375 0.4388888888888889 0.165625 0.1
0 0.09375 0.44166666666666665 0.1296875 0.10833333333333334
0 0.215625 0.26666666666666666 0.184375 0.1361111111111111
0 0.4671875 0.4361111111111111 0.1765625 0.13333333333333333
0 0.54375 0.8305555555555556 0.16875 0.11944444444444445
0 0.709375 0.8277777777777777 0.13125 0.125
0 0.85625 0.8194444444444444 0.1375 0.12777777777777777
0 0.9734375 0.8 0.053125 0.11944444444444445