0 0.4828125 0.3 0.01875 0.041666666666666664
0 0.9609375 0.9638888888888889 0.078125 0.06944444444444445
0 0.4765625 0.2 0.0171875 0.03888888888888889
0 0.89375 0.03333333333333333 0.021875 0.019444444444444445
0 0.721875 0.8666666666666667 0.0390625 0.08333333333333333
0 0.9421875 0.875 0.0828125 0.08888888888888889
0 0.846875 0.025 0.025 0.016666666666666666
0 0.4375 0.025 0.01875 0.022222222222222223
0 0.4671875 0.1527777777777778 0.015625 0.027777777777777776
0 0.7796875 0.027777777777777776 0.03125 0.016666666666666666
0 0.89375 0.6055555555555555 0.0484375 0.06111111111111111
0 0.5109375 0.2972222222222222 0.0140625 0.027777777777777776
0 0.4296875 0.2361111111111111 0.0203125 0.044444444444444446
0 0.4859375 0.027777777777777776 0.0140625 0.016666666666666666
0 0.35 0.9833333333333333 0.05 0.03333333333333333
0 0.4078125 0.11666666666666667 0.009375 0.025
0 0.628125 0.03333333333333333 0.0296875 0.019444444444444445
0 0.39375 0.09166666666666666 0.0109375 0.025
0 0.88125 0.7666666666666667 0.040625 0.08055555555555556
0 0.853125 0.12222222222222222 0.0296875 0.025
0 0.5328125 0.030555555555555555 0.015625 0.019444444444444445
0 0.465625 0.019444444444444445 0.0109375 0.013888888888888888
0 0.471875 0.005555555555555556 0.0109375 0.008333333333333333
0 0.4796875 0.013888888888888888 0.009375 0.016666666666666666