0 0.45 0.25277777777777777 0.0203125 0.06388888888888888
0 0.45 0.33611111111111114 0.0171875 0.06666666666666667
0 0.49375 0.4666666666666667 0.0203125 0.07777777777777778
0 0.4546875 0.025 0.015625 0.03888888888888889
0 0.4375 0.5722222222222222 0.021875 0.08333333333333333
0 0.6328125 0.3055555555555556 0.0203125 0.06666666666666667
0 0.6078125 0.3277777777777778 0.01875 0.06944444444444445
0 0.634375 0.37777777777777777 0.01875 0.06666666666666667
0 0.4546875 0.1 0.0171875 0.06666666666666667
0 0.4453125 0.45 0.0234375 0.09444444444444444
0 0.6765625 0.8833333333333333 0.059375 0.05277777777777778
0 0.453125 0.17222222222222222 0.0171875 0.058333333333333334
0 0.6390625 0.45 0.0203125 0.06944444444444445
0 0.640625 0.5277777777777778 0.0203125 0.07777777777777778
0 0.6453125 0.9416666666666667 0.0515625 0.04722222222222222
0 0.6296875 0.2361111111111111 0.0203125 0.05555555555555555
0 0.6125 0.4111111111111111 0.0234375 0.08611111111111111