0 0.6421875 0.10555555555555556 0.0265625 0.06944444444444445
0 0.60625 0.9305555555555556 0.0203125 0.06944444444444445
0 0.671875 0.6694444444444444 0.028125 0.06944444444444445
0 0.340625 0.2222222222222222 0.03125 0.06666666666666667
0 0.4015625 0.18888888888888888 0.028125 0.08611111111111111
0 0.4234375 0.027777777777777776 0.021875 0.05555555555555555
0 0.9875 0.9583333333333334 0.0234375 0.05555555555555555
0 0.7796875 0.4861111111111111 0.0203125 0.058333333333333334
0 0.378125 0.03888888888888889 0.0359375 0.075
0 0.9734375 0.9805555555555555 0.028125 0.03888888888888889
0 0.4953125 0.7833333333333333 0.046875 0.03611111111111111
0 0.0734375 0.6 0.04375 0.03333333333333333
0 0.284375 0.22777777777777777 0.0390625 0.06944444444444445
0 0.0390625 0.09722222222222222 0.04375 0.03333333333333333
0 0.009375 0.4583333333333333 0.0171875 0.03333333333333333