0 0.225 0.40555555555555556 0.0296875 0.09444444444444444
0 0.70625 0.4722222222222222 0.0265625 0.09722222222222222
0 0.1109375 0.37777777777777777 0.03125 0.09444444444444444
0 0.2875 0.6388888888888888 0.028125 0.09444444444444444
0 0.2234375 0.225 0.0359375 0.08888888888888889
0 0.409375 0.6555555555555556 0.0296875 0.1111111111111111
0 0.3625 0.022222222222222223 0.0421875 0.041666666666666664
0 0.084375 0.6222222222222222 0.034375 0.09166666666666666
0 0.1375 0.6222222222222222 0.034375 0.09444444444444444
0 0.2578125 0.22777777777777777 0.0375 0.08611111111111111
0 0.5828125 0.44166666666666665 0.028125 0.10277777777777777
0 0.3671875 0.6638888888888889 0.0265625 0.09722222222222222
0 0.2890625 0.23055555555555557 0.0359375 0.08333333333333333
0 0.6390625 0.4583333333333333 0.025 0.10277777777777777
0 0.315625 0.65 0.0265625 0.09166666666666666
0 0.0984375 0.2 0.0359375 0.08333333333333333
0 0.525 0.4444444444444444 0.028125 0.10833333333333334
0 0.31875 0.23055555555555557 0.0375 0.08888888888888889
0 0.334375 0.41388888888888886 0.028125 0.09444444444444444
0 0.5546875 0.44166666666666665 0.0265625 0.09444444444444444
0 0.4921875 0.4388888888888889 0.0296875 0.1111111111111111
0 0.06875 0.20277777777777778 0.04375 0.1
0 0.128125 0.20555555555555555 0.0359375 0.08611111111111111
0 0.165625 0.3888888888888889 0.03125 0.09722222222222222
0 0.1671875 0.625 0.034375 0.09722222222222222
0 0.0359375 0.19444444444444445 0.0375 0.08055555555555556
0 0.1109375 0.6055555555555555 0.0359375 0.10277777777777777
0 0.1953125 0.39166666666666666 0.0296875 0.09166666666666666