0 0.4640625 0.18611111111111112 0.0296875 0.06666666666666667
0 0.5453125 0.3194444444444444 0.034375 0.075
0 0.909375 0.3333333333333333 0.04375 0.06944444444444445
0 0.684375 0.28055555555555556 0.0390625 0.06666666666666667
0 0.484375 0.3472222222222222 0.0296875 0.07777777777777778
0 0.384375 0.5972222222222222 0.053125 0.044444444444444446
0 0.64375 0.7944444444444444 0.04375 0.10277777777777777
0 0.54375 0.6277777777777778 0.0359375 0.09166666666666666
0 0.696875 0.7166666666666667 0.040625 0.08611111111111111
0 0.2953125 0.6138888888888889 0.0546875 0.05
0 0.2921875 0.6666666666666666 0.0625 0.05
0 0.296875 0.5611111111111111 0.0578125 0.04722222222222222
0 0.2140625 0.6694444444444444 0.059375 0.05
0 0.7546875 0.9305555555555556 0.04375 0.11388888888888889
0 0.11875 0.6638888888888889 0.05 0.05
0 0.675 0.025 0.0265625 0.04722222222222222
0 0.6171875 0.5027777777777778 0.0390625 0.08611111111111111
0 0.1828125 0.5277777777777778 0.0609375 0.05555555555555555
0 0.19375 0.4 0.0375 0.027777777777777776
0 0.4 0.011111111111111112 0.0234375 0.022222222222222223
0 0.3875 0.6583333333333333 0.0671875 0.05
0 0.228125 0.3972222222222222 0.0375 0.027777777777777776
0 0.2625 0.39166666666666666 0.0390625 0.03888888888888889
0 0.3625 0.5388888888888889 0.05625 0.06388888888888888
0 0.15625 0.40555555555555556 0.034375 0.022222222222222223
0 0.984375 0.35555555555555557 0.0296875 0.07777777777777778
0 0.3125 0.37777777777777777 0.0671875 0.058333333333333334
0 0.9921875 0.8777777777777778 0.015625 0.05