0 0.98125 0.3472222222222222 0.0375 0.058333333333333334
0 0.175 0.3888888888888889 0.05 0.05277777777777778
0 0.075 0.3055555555555556 0.0546875 0.041666666666666664
0 0.2546875 0.4083333333333333 0.040625 0.05277777777777778
0 0.221875 0.4361111111111111 0.0421875 0.05277777777777778
0 0.3375 0.65 0.0375 0.06111111111111111
0 0.4296875 0.7833333333333333 0.040625 0.06111111111111111
0 0.0671875 0.8166666666666667 0.0296875 0.07777777777777778
0 0.0140625 0.6416666666666667 0.0265625 0.06388888888888888
0 0.728125 0.25555555555555554 0.04375 0.03611111111111111
0 0.1953125 0.35833333333333334 0.0421875 0.04722222222222222
0 0.146875 0.325 0.040625 0.041666666666666664
0 0.6625 0.025 0.0203125 0.04722222222222222
0 0.296875 0.5222222222222223 0.0390625 0.06388888888888888
0 0.4046875 0.6805555555555556 0.0375 0.06388888888888888
0 0.415625 0.2222222222222222 0.040625 0.03333333333333333
0 0.3515625 0.6138888888888889 0.0375 0.06111111111111111
0 0.1109375 0.3638888888888889 0.046875 0.03333333333333333
0 0.1984375 0.20277777777777778 0.034375 0.03333333333333333
0 0.3234375 0.4888888888888889 0.053125 0.08611111111111111
0 0.0875 0.9722222222222222 0.0234375 0.05555555555555555
0 0.0765625 0.8944444444444445 0.0265625 0.075
0 0.04375 0.7333333333333333 0.0359375 0.08333333333333333
0 0.6484375 0.10555555555555556 0.0265625 0.08611111111111111
0 0.0109375 0.29444444444444445 0.0203125 0.030555555555555555
0 0.009375 0.3861111111111111 0.0171875 0.03333333333333333
0 0.4484375 0.6777777777777778 0.0484375 0.08055555555555556