0 0.63125 0.3638888888888889 0.0640625 0.05277777777777778
0 0.665625 0.3 0.0546875 0.05
0 0.3765625 0.625 0.0640625 0.06388888888888888
0 0.9015625 0.3194444444444444 0.0625 0.05277777777777778
0 0.6 0.9027777777777778 0.0390625 0.11944444444444445
0 0.1453125 0.2777777777777778 0.05625 0.05555555555555555
0 0.2109375 0.20555555555555555 0.065625 0.058333333333333334
0 0.021875 0.21666666666666667 0.0421875 0.06111111111111111
0 0.8421875 0.5638888888888889 0.0359375 0.04722222222222222
0 0.240625 0.3194444444444444 0.0625 0.05555555555555555
0 0.1109375 0.18055555555555555 0.0640625 0.06111111111111111
0 0.184375 0.5861111111111111 0.0703125 0.05
0 0.178125 0.48333333333333334 0.0828125 0.05555555555555555
0 0.4265625 0.3416666666666667 0.078125 0.06111111111111111
0 0.9875 0.65 0.025 0.13333333333333333