0 0.884375 0.22777777777777777 0.0265625 0.044444444444444446
0 0.41875 0.5305555555555556 0.059375 0.044444444444444446
0 0.353125 0.5861111111111111 0.0609375 0.05
0 0.35 0.4888888888888889 0.0484375 0.04722222222222222
0 0.3 0.5388888888888889 0.059375 0.04722222222222222
0 0.36875 0.7388888888888889 0.0328125 0.1111111111111111
0 0.221875 0.7527777777777778 0.040625 0.125
0 0.2703125 0.7416666666666667 0.034375 0.125
0 0.171875 0.7555555555555555 0.040625 0.125
0 0.3203125 0.7388888888888889 0.0359375 0.11388888888888889
0 0.1357421875 0.8194444444444444 0.140625 0.8107638888888888 0.142578125 0.8003472222222222 0.138671875 0.7170138888888888 0.13671875 0.7100694444444444 0.1298828125 0.6979166666666666 0.1240234375 0.6979166666666666 0.1123046875 0.7048611111111112 0.10546875 0.7170138888888888 0.103515625 0.734375 0.10546875 0.8107638888888888 0.1083984375 0.8159722222222222 0.1357421875 0.8194444444444444
0 0.7255859375 0.5347222222222222 0.7744140625 0.5381944444444444 0.783203125 0.5225694444444444 0.78125 0.5052083333333334 0.7744140625 0.4930555555555556 0.7451171875 0.4756944444444444 0.7294921875 0.4722222222222222 0.7158203125 0.4722222222222222 0.712890625 0.4774305555555556 0.7109375 0.4947916666666667 0.7109375 0.5121527777777778 0.7158203125 0.5243055555555556 0.7255859375 0.5347222222222222
0 0.3955078125 0.4722222222222222 0.4384765625 0.4722222222222222 0.4423828125 0.46875 0.447265625 0.4600694444444444 0.447265625 0.4496527777777778 0.4453125 0.4392361111111111 0.4384765625 0.4305555555555556 0.4150390625 0.4166666666666667 0.3837890625 0.4166666666666667 0.3828125 0.4184027777777778 0.380859375 0.4253472222222222 0.380859375 0.453125 0.3837890625 0.4618055555555556 0.3955078125 0.4722222222222222
0 0.2138671875 0.4791666666666667 0.2236328125 0.4791666666666667 0.2685546875 0.4756944444444444 0.2744140625 0.4722222222222222 0.27734375 0.4635416666666667 0.27734375 0.4357638888888889 0.275390625 0.4288194444444444 0.2685546875 0.4166666666666667 0.2509765625 0.4097222222222222 0.2001953125 0.4097222222222222 0.1904296875 0.4166666666666667 0.1875 0.421875 0.1875 0.4496527777777778 0.1923828125 0.46875 0.2138671875 0.4791666666666667
0 0.4091796875 0.6111111111111112 0.4599609375 0.6145833333333334 0.4638671875 0.6111111111111112 0.46875 0.6024305555555556 0.46875 0.578125 0.4619140625 0.5659722222222222 0.4248046875 0.5555555555555556 0.4091796875 0.5555555555555556 0.4013671875 0.5625 0.3984375 0.5677083333333334 0.396484375 0.5815972222222222 0.396484375 0.5989583333333334 0.3994140625 0.6041666666666666 0.4091796875 0.6111111111111112