0 0.7375 0.6472222222222223 0.025 0.07777777777777778
0 0.690625 0.23055555555555557 0.03125 0.06388888888888888
0 0.9171875 0.2 0.05 0.03888888888888889
0 0.525 0.8694444444444445 0.0484375 0.041666666666666664
0 0.3484375 0.28888888888888886 0.0375 0.05
0 0.378125 0.06388888888888888 0.021875 0.06944444444444445
0 0.4234375 0.04722222222222222 0.0203125 0.075
0 0.490625 0.7888888888888889 0.046875 0.05
0 0.2015625 0.7416666666666667 0.046875 0.03888888888888889
0 0.7703125 0.7444444444444445 0.0328125 0.11388888888888889
0 0.2609375 0.6888888888888889 0.0484375 0.03888888888888889
0 0.7390625 0.9388888888888889 0.021875 0.08888888888888889
0 0.4375 0.24444444444444444 0.040625 0.05555555555555555
0 0.7546875 0.49166666666666664 0.021875 0.075
0 0.6015625 0.8805555555555555 0.046875 0.044444444444444446
0 0.1453125 0.6944444444444444 0.0421875 0.041666666666666664
0 0.015625 0.75 0.0296875 0.041666666666666664
0 0.378125 0.5722222222222222 0.0265625 0.08055555555555556
0 0.0859375 0.06944444444444445 0.05 0.044444444444444446
0 0.565625 0.8194444444444444 0.0546875 0.044444444444444446
0 0.465625 0.16111111111111112 0.040625 0.044444444444444446
0 0.6953125 0.9916666666666667 0.021875 0.016666666666666666
0 0.109375 0.7638888888888888 0.0484375 0.041666666666666664
0 0.0390625 0.9 0.05625 0.044444444444444446
0 0.31875 0.7361111111111112 0.0515625 0.041666666666666664