0 0.428125 0.019444444444444445 0.028125 0.03611111111111111
0 0.465625 0.022222222222222223 0.0296875 0.044444444444444446
0 0.0203125 0.23055555555555557 0.0390625 0.06111111111111111
0 0.5109375 0.022222222222222223 0.025 0.041666666666666664
0 0.203125 0.3472222222222222 0.0578125 0.04722222222222222
0 0.96875 0.975 0.046875 0.04722222222222222
0 0.184375 0.3972222222222222 0.0546875 0.05
0 0.015625 0.3 0.0296875 0.05
0 0.0859375 0.3416666666666667 0.053125 0.058333333333333334
0 0.6890625 0.36666666666666664 0.05625 0.041666666666666664
0 0.6390625 0.025 0.0265625 0.05
0 0.609375 0.6083333333333333 0.05 0.041666666666666664
0 0.7515625 0.3 0.0515625 0.03888888888888889
0 0.328125 0.36666666666666664 0.0625 0.03888888888888889
0 0.8609375 0.35555555555555557 0.05625 0.041666666666666664
0 0.765625 0.42777777777777776 0.046875 0.03611111111111111
0 0.58125 0.4305555555555556 0.0515625 0.03888888888888889
0 0.453125 0.4305555555555556 0.05 0.03611111111111111
0 0.878125 0.7 0.053125 0.04722222222222222
0 0.525 0.36944444444444446 0.0515625 0.03888888888888889
0 0.2703125 0.41944444444444445 0.0515625 0.041666666666666664
0 0.4296875 0.37222222222222223 0.053125 0.03888888888888889
0 0.3609375 0.425 0.0546875 0.03611111111111111
0 0.8671875 0.4222222222222222 0.05625 0.044444444444444446
0 0.3056640625 0.7395833333333334 0.3193359375 0.7361111111111112 0.326171875 0.7274305555555556 0.326171875 0.7065972222222222 0.3212890625 0.6979166666666666 0.2998046875 0.6979166666666666 0.2822265625 0.7013888888888888 0.2763671875 0.7048611111111112 0.2734375 0.7100694444444444 0.2734375 0.7309027777777778 0.2783203125 0.7395833333333334 0.3056640625 0.7395833333333334