0 0.65 0.7222222222222222 0.021875 0.08055555555555556
0 0.196875 0.275 0.025 0.06388888888888888
0 0.35625 0.7527777777777778 0.0234375 0.08333333333333333
0 0.5484375 0.7138888888888889 0.021875 0.08333333333333333
0 0.51875 0.7194444444444444 0.021875 0.07222222222222222
0 0.4125 0.7638888888888888 0.0203125 0.08333333333333333
0 0.575 0.7138888888888889 0.021875 0.08055555555555556
0 0.6234375 0.7277777777777777 0.021875 0.07777777777777778
0 0.6 0.7138888888888889 0.0234375 0.08055555555555556
0 0.490625 0.7194444444444444 0.021875 0.08333333333333333
0 0.4375 0.7527777777777778 0.021875 0.08888888888888889
0 0.3859375 0.75 0.0234375 0.08611111111111111