0 0.265625 0.28055555555555556 0.0546875 0.08333333333333333
0 0.6734375 0.8194444444444444 0.046875 0.06111111111111111
0 0.7046875 0.13055555555555556 0.0484375 0.05555555555555555
0 0.4234375 0.7694444444444445 0.046875 0.08055555555555556
0 0.49375 0.7833333333333333 0.065625 0.075
0 0.1640625 0.35 0.0421875 0.05555555555555555
0 0.7921875 0.7444444444444445 0.05 0.06944444444444445
0 0.565625 0.8722222222222222 0.0453125 0.041666666666666664
0 0.7328125 0.9 0.025 0.1
0 0.7328125 0.6888888888888889 0.0546875 0.09444444444444444
0 0.5984375 0.8138888888888889 0.0453125 0.041666666666666664
0 0.38125 0.5972222222222222 0.0421875 0.1111111111111111
0 0.19375 0.7361111111111112 0.0578125 0.04722222222222222
0 0.7953125 0.8916666666666667 0.0375 0.1388888888888889
0 0.328125 0.5972222222222222 0.0328125 0.09166666666666666
0 0.2515625 0.7527777777777778 0.053125 0.05
0 0.7734375 0.9888888888888889 0.021875 0.016666666666666666
0 0.078125 0.7472222222222222 0.0640625 0.05277777777777778
0 0.903125 0.2 0.053125 0.041666666666666664
0 0.2546875 0.6777777777777778 0.0484375 0.044444444444444446
0 0.0375 0.8277777777777777 0.0734375 0.10555555555555556
0 0.0421875 0.6916666666666667 0.059375 0.05277777777777778
0 0.4046875 0.06666666666666667 0.025 0.08055555555555556