0 0.0921875 0.5611111111111111 0.0703125 0.06944444444444445
0 0.6046875 0.45555555555555555 0.065625 0.05555555555555555
0 0.265625 0.41388888888888886 0.075 0.06666666666666667
0 0.4625 0.5305555555555556 0.071875 0.05555555555555555
0 0.0578125 0.49166666666666664 0.0703125 0.07222222222222222
0 0.5296875 0.38055555555555554 0.0875 0.06111111111111111
0 0.8875 0.5666666666666667 0.10625 0.06111111111111111
0 0.3765625 0.39166666666666666 0.0703125 0.05555555555555555
0 0.6421875 0.5416666666666666 0.08125 0.058333333333333334
0 0.375 0.4666666666666667 0.071875 0.058333333333333334
0 0.178125 0.4388888888888889 0.059375 0.06666666666666667
0 0.709375 0.40555555555555556 0.0796875 0.05555555555555555
0 0.05625 0.6638888888888889 0.0796875 0.07777777777777778
0 0.8125 0.48055555555555557 0.0796875 0.05555555555555555