0 0.8421875 0.5277777777777778 0.08125 0.07222222222222222
0 0.7484375 0.5083333333333333 0.0640625 0.05277777777777778
0 0.665625 0.5027777777777778 0.0828125 0.06666666666666667
0 0.9828125 0.5388888888888889 0.034375 0.05555555555555555
0 0.909375 0.22777777777777777 0.0640625 0.06111111111111111
0 0.4859375 0.4777777777777778 0.096875 0.06666666666666667
0 0.9125 0.1527777777777778 0.0703125 0.06388888888888888
0 0.9140625 0.30277777777777776 0.075 0.075
0 0.90625 0.38055555555555554 0.0609375 0.05
0 0.03125 0.9027777777777778 0.040625 0.15
0 0.978125 0.725 0.04375 0.06388888888888888