0 0.1578125 0.38055555555555554 0.09375 0.06944444444444445
0 0.6671875 0.6666666666666666 0.071875 0.06111111111111111
0 0.2984375 0.3888888888888889 0.0921875 0.06944444444444445
0 0.91875 0.7861111111111111 0.0546875 0.13055555555555556
0 0.5734375 0.6555555555555556 0.0828125 0.06666666666666667
0 0.9703125 0.8111111111111111 0.05625 0.1388888888888889
0 0.0515625 0.35833333333333334 0.1015625 0.07777777777777778
0 0.4390625 0.65 0.08125 0.06666666666666667
0 0.7453125 0.6666666666666666 0.06875 0.06111111111111111
0 0.3078125 0.6388888888888888 0.0859375 0.06944444444444445
0 0.5640625 0.4222222222222222 0.0734375 0.06111111111111111
0 0.7578125 0.46111111111111114 0.0921875 0.06666666666666667
0 0.96875 0.31666666666666665 0.05625 0.1388888888888889
0 0.134375 0.6277777777777778 0.0953125 0.06944444444444445
0 0.934375 0.9555555555555556 0.0609375 0.08888888888888889
0 0.0265625 0.6194444444444445 0.0515625 0.075
0 0.990625 0.6472222222222223 0.015625 0.08333333333333333