0 0.303125 0.25555555555555554 0.10625 0.07222222222222222
0 0.409375 0.25555555555555554 0.075 0.06666666666666667
0 0.8171875 0.26666666666666666 0.09375 0.06944444444444445
0 0.6921875 0.26666666666666666 0.09375 0.06388888888888888
0 0.521875 0.625 0.075 0.06666666666666667
0 0.75625 0.3972222222222222 0.109375 0.06666666666666667
0 0.9265625 0.26944444444444443 0.0828125 0.06388888888888888
0 0.88125 0.6333333333333333 0.084375 0.06666666666666667
0 0.6875 0.6333333333333333 0.0921875 0.06666666666666667
0 0.4052734375 0.6527777777777778 0.4443359375 0.6493055555555556 0.44921875 0.6371527777777778 0.44921875 0.6059027777777778 0.447265625 0.5954861111111112 0.4443359375 0.5902777777777778 0.4365234375 0.5868055555555556 0.3681640625 0.5868055555555556 0.3623046875 0.5902777777777778 0.359375 0.5954861111111112 0.359375 0.6440972222222222 0.3623046875 0.6493055555555556 0.4052734375 0.6527777777777778
0 0.1806640625 0.6458333333333334 0.2392578125 0.6458333333333334 0.2421875 0.6371527777777778 0.244140625 0.6232638888888888 0.244140625 0.609375 0.2421875 0.5954861111111112 0.2392578125 0.5902777777777778 0.1845703125 0.5868055555555556 0.1787109375 0.5902777777777778 0.171875 0.6024305555555556 0.169921875 0.6128472222222222 0.169921875 0.6302083333333334 0.171875 0.640625 0.1806640625 0.6458333333333334