0 0.3171875 0.6277777777777778 0.075 0.06944444444444445
0 0.5671875 0.45 0.0671875 0.05277777777777778
0 0.4296875 0.7138888888888889 0.075 0.05555555555555555
0 0.4109375 0.6333333333333333 0.0765625 0.06666666666666667
0 0.3609375 0.5527777777777778 0.06875 0.05277777777777778
0 0.2796875 0.5444444444444444 0.0640625 0.05277777777777778
0 0.040625 0.6361111111111111 0.0765625 0.05555555555555555
0 0.5359375 0.7166666666666667 0.0703125 0.05277777777777778
0 0.190625 0.5222222222222223 0.0859375 0.058333333333333334
0 0.6125 0.6333333333333333 0.0609375 0.05555555555555555
0 0.675 0.725 0.071875 0.058333333333333334
0 0.096875 0.5222222222222223 0.0625 0.05277777777777778
0 0.20625 0.6277777777777778 0.0921875 0.06944444444444445
0 0.1890625 0.7111111111111111 0.075 0.06111111111111111
0 0.3328125 0.7055555555555556 0.075 0.05555555555555555
0 0.2625 0.4444444444444444 0.0609375 0.05
0 0.13125 0.6333333333333333 0.0734375 0.05555555555555555
0 0.0921875 0.4388888888888889 0.071875 0.05555555555555555
0 0.834375 0.6333333333333333 0.075 0.06944444444444445
0 0.6953125 0.4444444444444444 0.059375 0.05
0 0.1671875 0.44166666666666665 0.06875 0.05555555555555555
0 0.4953125 0.6388888888888888 0.08125 0.05277777777777778
0 0.8171875 0.7194444444444444 0.0890625 0.06388888888888888
0 0.521875 0.5388888888888889 0.06875 0.05
0 0.7529296875 0.6527777777777778 0.7578125 0.6440972222222222 0.7578125 0.6163194444444444 0.7548828125 0.6076388888888888 0.7490234375 0.6041666666666666 0.6845703125 0.6041666666666666 0.68359375 0.6059027777777778 0.681640625 0.6128472222222222 0.681640625 0.6440972222222222 0.6845703125 0.6527777777777778 0.7529296875 0.6527777777777778
0 0.4150390625 0.4965277777777778 0.4228515625 0.5 0.4638671875 0.5069444444444444 0.46875 0.4947916666666667 0.46875 0.4704861111111111 0.4638671875 0.4618055555555556 0.4599609375 0.4583333333333333 0.4462890625 0.4548611111111111 0.4150390625 0.4513888888888889 0.41015625 0.4600694444444444 0.408203125 0.4670138888888889 0.408203125 0.484375 0.41015625 0.4913194444444444 0.4150390625 0.4965277777777778
0 0.3703125 0.4638888888888889 0.06875 0.06666666666666667
0 0.8140625 0.4444444444444444 0.090625 0.058333333333333334