0 0.375 0.49166666666666664 0.05 0.041666666666666664
0 0.209375 0.475 0.053125 0.041666666666666664
0 0.65625 0.5694444444444444 0.05625 0.041666666666666664
0 0.5015625 0.49444444444444446 0.053125 0.041666666666666664
0 0.30625 0.48333333333333334 0.053125 0.044444444444444446
0 0.8921875 0.5166666666666667 0.0703125 0.04722222222222222
0 0.56875 0.5 0.0671875 0.044444444444444446
0 0.071875 0.38333333333333336 0.0328125 0.10277777777777777
0 0.4421875 0.4888888888888889 0.0515625 0.044444444444444446
0 0.0328125 0.48055555555555557 0.0609375 0.05
0 0.640625 0.5111111111111111 0.0640625 0.05