0 0.4703125 0.30833333333333335 0.1015625 0.08888888888888889
0 0.33125 0.325 0.096875 0.08333333333333333
0 0.6359375 0.3111111111111111 0.10625 0.08611111111111111
0 0.1234375 0.3333333333333333 0.11875 0.08611111111111111
0 0.078125 0.14444444444444443 0.0640625 0.17777777777777778
0 0.8234375 0.2722222222222222 0.125 0.10555555555555556
0 0.8984375 0.49722222222222223 0.1 0.08055555555555556
0 0.7484375 0.5083333333333333 0.1203125 0.07777777777777778
0 0.0171875 0.3472222222222222 0.034375 0.075
0 0.5875 0.49166666666666664 0.1234375 0.08611111111111111
0 0.3349609375 0.6805555555555556 0.3994140625 0.6805555555555556 0.4345703125 0.6736111111111112 0.447265625 0.6684027777777778 0.447265625 0.6232638888888888 0.4453125 0.5954861111111112 0.4404296875 0.5868055555555556 0.3349609375 0.5972222222222222 0.330078125 0.6024305555555556 0.328125 0.6128472222222222 0.328125 0.640625 0.33203125 0.6753472222222222 0.3349609375 0.6805555555555556