0 0.978125 0.3861111111111111 0.0421875 0.044444444444444446
0 0.40625 0.06666666666666667 0.05 0.05
0 0.58125 0.3277777777777778 0.0625 0.06111111111111111
0 0.54375 0.11944444444444445 0.0578125 0.05
0 0.290625 0.022222222222222223 0.05625 0.041666666666666664
0 0.4390625 0.14722222222222223 0.05 0.05277777777777778
0 0.7640625 0.3638888888888889 0.0453125 0.05
0 0.6953125 0.7416666666666667 0.0609375 0.04722222222222222
0 0.5578125 0.8972222222222223 0.0328125 0.12777777777777777
0 0.3078125 0.23333333333333334 0.0578125 0.05555555555555555
0 0.95 0.17222222222222222 0.096875 0.08055555555555556
0 0.1328125 0.5888888888888889 0.0328125 0.04722222222222222
0 0.690625 0.9472222222222222 0.071875 0.06111111111111111
0 0.6921875 0.13333333333333333 0.0625 0.05
0 0.69375 0.8277777777777777 0.0796875 0.06111111111111111
0 0.690625 0.8888888888888888 0.078125 0.05555555555555555
0 0.26875 0.6388888888888888 0.075 0.06944444444444445
0 0.35 0.6972222222222222 0.0765625 0.06388888888888888
0 0.6 0.5777777777777777 0.046875 0.125
0 0.603125 0.8861111111111111 0.0375 0.15
0 0.13125 0.21666666666666667 0.0515625 0.030555555555555555