0 0.3515625 0.5222222222222223 0.0875 0.075
0 0.7828125 0.49444444444444446 0.084375 0.06666666666666667
0 0.35 0.7055555555555556 0.0921875 0.08055555555555556
0 0.740625 0.6027777777777777 0.08125 0.07222222222222222
0 0.509375 0.6861111111111111 0.0953125 0.08333333333333333
0 0.9515625 0.4777777777777778 0.09375 0.075
0 0.1796875 0.6583333333333333 0.075 0.07222222222222222
0 0.634375 0.49444444444444446 0.096875 0.06666666666666667
0 0.425 0.6222222222222222 0.1 0.08333333333333333
0 0.2515625 0.7305555555555555 0.09375 0.06666666666666667
0 0.0796875 0.75 0.1125 0.07222222222222222
0 0.04375 0.675 0.0875 0.075