0 0.7 0.575 0.103125 0.08611111111111111
0 0.3015625 0.8777777777777778 0.0984375 0.08055555555555556
0 0.534375 0.6027777777777777 0.0984375 0.08888888888888889
0 0.1015625 0.6083333333333333 0.096875 0.075
0 0.396875 0.5527777777777778 0.1015625 0.08055555555555556
0 0.94375 0.5583333333333333 0.1109375 0.07777777777777778
0 0.521875 0.9305555555555556 0.1140625 0.09444444444444444
0 0.2046875 0.9555555555555556 0.0921875 0.07777777777777778
0 0.2375 0.5944444444444444 0.1109375 0.08055555555555556
0 0.746875 0.9055555555555556 0.1265625 0.1
0 0.0078125 0.6194444444444445 0.0140625 0.07222222222222222