0 0.4046875 0.7277777777777777 0.0390625 0.04722222222222222
0 0.653125 0.17222222222222222 0.0375 0.041666666666666664
0 0.234375 0.375 0.034375 0.044444444444444446
0 0.6875 0.26666666666666666 0.040625 0.04722222222222222
0 0.321875 0.16111111111111112 0.0296875 0.058333333333333334
0 0.4 0.7833333333333333 0.0390625 0.04722222222222222
0 0.3671875 0.225 0.028125 0.08333333333333333
0 0.3078125 0.6527777777777778 0.0390625 0.044444444444444446
0 0.628125 0.03888888888888889 0.03125 0.07777777777777778
0 0.5546875 0.7916666666666666 0.0390625 0.03333333333333333
0 0.7796875 0.5 0.0234375 0.058333333333333334
0 0.0296875 0.39444444444444443 0.0390625 0.03611111111111111
0 0.2203125 0.6444444444444445 0.0375 0.030555555555555555
0 0.9375 0.375 0.034375 0.027777777777777776
0 0.8859375 0.6333333333333333 0.040625 0.03888888888888889
0 0.121875 0.6305555555555555 0.04375 0.030555555555555555
0 0.0734375 0.5916666666666667 0.04375 0.030555555555555555
0 0.409375 0.09166666666666666 0.0234375 0.07222222222222222
0 0.146875 0.5888888888888889 0.04375 0.030555555555555555
0 0.8203125 0.2722222222222222 0.059375 0.058333333333333334
0 0.9671875 0.9861111111111112 0.025 0.027777777777777776
0 0.9875 0.9694444444444444 0.025 0.058333333333333334