0 0.434375 0.33055555555555555 0.0828125 0.06944444444444445
0 0.2203125 0.33055555555555555 0.0828125 0.06944444444444445
0 0.5375 0.3333333333333333 0.0828125 0.06666666666666667
0 0.784375 0.5277777777777778 0.078125 0.06388888888888888
0 0.921875 0.3333333333333333 0.08125 0.06944444444444445
0 0.828125 0.3277777777777778 0.0796875 0.06944444444444445
0 0.3328125 0.3333333333333333 0.09375 0.075
0 0.05625 0.5638888888888889 0.09375 0.07222222222222222
0 0.853125 0.6222222222222222 0.06875 0.06666666666666667
0 0.471875 0.5388888888888889 0.0703125 0.06111111111111111
0 0.04375 0.4444444444444444 0.0859375 0.06666666666666667
0 0.8921875 0.5333333333333333 0.0859375 0.06944444444444445
0 0.0875 0.33055555555555555 0.10625 0.06666666666666667
0 0.9875 0.5333333333333333 0.0234375 0.06944444444444445
0 0.4515625 0.6194444444444445 0.075 0.06666666666666667
0 0.7125 0.8638888888888889 0.0453125 0.11388888888888889
0 0.640625 0.8694444444444445 0.04375 0.1