0 0.4765625 0.37222222222222223 0.096875 0.08888888888888889
0 0.3390625 0.3972222222222222 0.090625 0.08055555555555556
0 0.7875 0.3333333333333333 0.1234375 0.09722222222222222
0 0.6328125 0.36944444444444446 0.103125 0.08611111111111111
0 0.1109375 0.2361111111111111 0.059375 0.1638888888888889
0 0.1453125 0.4111111111111111 0.1109375 0.08333333333333333
0 0.9046875 0.5416666666666666 0.1015625 0.08333333333333333
0 0.034375 0.42777777777777776 0.0671875 0.07222222222222222
0 0.59375 0.5444444444444444 0.121875 0.08611111111111111
0 0.753125 0.5583333333333333 0.1203125 0.07777777777777778
0 0.0828125 0.044444444444444446 0.04375 0.08611111111111111
0 0.3447265625 0.7361111111111112 0.3642578125 0.7395833333333334 0.4404296875 0.7291666666666666 0.4541015625 0.71875 0.45703125 0.7065972222222222 0.455078125 0.6614583333333334 0.453125 0.6545138888888888 0.4482421875 0.6458333333333334 0.3623046875 0.6527777777777778 0.3466796875 0.65625 0.341796875 0.6649305555555556 0.341796875 0.703125 0.34375 0.734375 0.3447265625 0.7361111111111112