0 0.0265625 0.7055555555555556 0.0515625 0.058333333333333334
0 0.409375 0.26666666666666666 0.03125 0.09166666666666666
0 0.2921875 0.6277777777777778 0.06875 0.06666666666666667
0 0.390625 0.8166666666666667 0.0765625 0.10555555555555556
0 0.234375 0.5638888888888889 0.0765625 0.06944444444444445
0 0.4015625 0.1388888888888889 0.0265625 0.08888888888888889
0 0.4484375 0.7 0.059375 0.11388888888888889
0 0.0953125 0.7916666666666666 0.08125 0.07222222222222222
0 0.7890625 0.5638888888888889 0.06875 0.05555555555555555
0 0.9421875 0.55 0.0765625 0.05555555555555555
0 0.1859375 0.6638888888888889 0.0734375 0.06944444444444445
0 0.5625 0.5916666666666667 0.0734375 0.06388888888888888
0 0.95 0.46111111111111114 0.0765625 0.05277777777777778
0 0.95625 0.7333333333333333 0.0875 0.06944444444444445
0 0.6875 0.575 0.078125 0.06111111111111111
0 0.8375 0.7444444444444445 0.0890625 0.06666666666666667
0 0.0671875 0.6194444444444445 0.090625 0.07777777777777778
0 0.6453125 0.7722222222222223 0.0984375 0.075
0 0.734375 0.48055555555555557 0.071875 0.058333333333333334
0 0.2109375 0.8388888888888889 0.0953125 0.07222222222222222
0 0.4875 0.03888888888888889 0.028125 0.07777777777777778
0 0.171875 0.7194444444444444 0.0359375 0.025
0 0.7328125 0.7611111111111111 0.0703125 0.06111111111111111
0 0.3984375 0.03333333333333333 0.0265625 0.06388888888888888
0 0.49375 0.15 0.0359375 0.10277777777777777
0 0.021875 0.8916666666666667 0.0421875 0.075
0 0.5 0.2638888888888889 0.0328125 0.1
0 0.009375 0.6388888888888888 0.01875 0.05277777777777778