0 0.359375 0.41944444444444445 0.0875 0.06666666666666667
0 0.296875 0.6527777777777778 0.0890625 0.06944444444444445
0 0.9015625 0.475 0.0640625 0.05277777777777778
0 0.2375 0.3972222222222222 0.0859375 0.06666666666666667
0 0.5421875 0.6611111111111111 0.0828125 0.075
0 0.1453125 0.6333333333333333 0.125 0.08888888888888889
0 0.409375 0.6583333333333333 0.0875 0.06944444444444445
0 0.5140625 0.4305555555555556 0.096875 0.06944444444444445
0 0.8234375 0.4638888888888889 0.075 0.058333333333333334
0 0.9828125 0.48055555555555557 0.0328125 0.05555555555555555
0 0.7875 0.675 0.0875 0.058333333333333334
0 0.88125 0.6805555555555556 0.06875 0.05277777777777778
0 0.9828125 0.6833333333333333 0.0328125 0.05555555555555555
0 0.1234375 0.3888888888888889 0.084375 0.06388888888888888
0 0.68125 0.6666666666666666 0.0921875 0.06666666666666667
0 0.715625 0.44722222222222224 0.0609375 0.05277777777777778
0 0.0125 0.6444444444444445 0.025 0.08888888888888889