0 0.853125 0.5166666666666667 0.0375 0.06111111111111111
0 0.9421875 0.18333333333333332 0.0375 0.03888888888888889
0 0.321875 0.55 0.0453125 0.07222222222222222
0 0.0578125 0.35833333333333334 0.0453125 0.03611111111111111
0 0.2703125 0.4666666666666667 0.040625 0.06388888888888888
0 0.846875 0.17222222222222222 0.0421875 0.041666666666666664
0 0.9859375 0.11388888888888889 0.0265625 0.03888888888888889
0 0.0140625 0.6416666666666667 0.028125 0.06666666666666667
0 0.546875 0.25 0.05 0.06111111111111111
0 0.6234375 0.25277777777777777 0.0328125 0.027777777777777776
0 0.3265625 0.49166666666666664 0.0359375 0.058333333333333334
0 0.1390625 0.375 0.0453125 0.041666666666666664
0 0.6609375 0.11944444444444445 0.034375 0.09722222222222222
0 0.5125 0.8138888888888889 0.04375 0.06388888888888888
0 0.4390625 0.6694444444444444 0.0390625 0.06666666666666667
0 0.19375 0.3416666666666667 0.053125 0.05277777777777778
0 0.19375 0.4638888888888889 0.040625 0.04722222222222222
0 0.209375 0.41388888888888886 0.0421875 0.05
0 0.0328125 0.2972222222222222 0.04375 0.03611111111111111
0 0.103125 0.3138888888888889 0.0515625 0.03888888888888889
0 0.0671875 0.8166666666666667 0.0296875 0.07777777777777778
0 0.390625 0.675 0.0390625 0.06666666666666667
0 0.0875 0.9694444444444444 0.021875 0.05555555555555555
0 0.021875 0.39166666666666666 0.0421875 0.05555555555555555
0 0.7546875 0.24166666666666667 0.0484375 0.041666666666666664
0 0.9578125 0.4638888888888889 0.0390625 0.058333333333333334
0 0.0765625 0.8972222222222223 0.025 0.07222222222222222
0 0.1765625 0.03888888888888889 0.025 0.07222222222222222
0 0.0453125 0.7305555555555555 0.0359375 0.08611111111111111
0 0.0046875 0.3333333333333333 0.009375 0.030555555555555555
0 0.9171875 0.008333333333333333 0.0203125 0.013888888888888888
0 0.60625 0.8222222222222222 0.0578125 0.041666666666666664
0 0.1015625 0.03333333333333333 0.025 0.06388888888888888
0 0.04375 0.022222222222222223 0.0234375 0.044444444444444446