0 0.6828125 0.21944444444444444 0.0984375 0.07777777777777778
0 0.5546875 0.24166666666666667 0.1 0.08055555555555556
0 0.1171875 0.26666666666666666 0.0875 0.06666666666666667
0 0.8 0.21944444444444444 0.0953125 0.07222222222222222
0 0.4296875 0.2388888888888889 0.0890625 0.07222222222222222
0 0.921875 0.21388888888888888 0.1109375 0.08333333333333333
0 0.5615234375 0.6388888888888888 0.6162109375 0.6388888888888888 0.6357421875 0.6354166666666666 0.6416015625 0.6319444444444444 0.646484375 0.6232638888888888 0.646484375 0.578125 0.6416015625 0.5694444444444444 0.5634765625 0.5729166666666666 0.5556640625 0.5763888888888888 0.55078125 0.5850694444444444 0.548828125 0.5920138888888888 0.548828125 0.6267361111111112 0.5537109375 0.6354166666666666 0.5615234375 0.6388888888888888
0 0.3056640625 0.6631944444444444 0.3740234375 0.6423611111111112 0.3837890625 0.6354166666666666 0.388671875 0.6267361111111112 0.390625 0.6128472222222222 0.388671875 0.5885416666666666 0.38671875 0.5815972222222222 0.3779296875 0.5729166666666666 0.3544921875 0.5729166666666666 0.3095703125 0.5833333333333334 0.2998046875 0.5868055555555556 0.296875 0.5920138888888888 0.294921875 0.5989583333333334 0.294921875 0.6336805555555556 0.298828125 0.6545138888888888 0.3056640625 0.6631944444444444
0 0.0498046875 0.6597222222222222 0.0576171875 0.6631944444444444 0.1376953125 0.6631944444444444 0.1416015625 0.6597222222222222 0.146484375 0.6510416666666666 0.1484375 0.640625 0.1484375 0.609375 0.1455078125 0.6041666666666666 0.1376953125 0.5972222222222222 0.1240234375 0.59375 0.0849609375 0.59375 0.0595703125 0.5972222222222222 0.0498046875 0.6041666666666666 0.044921875 0.6128472222222222 0.04296875 0.6197916666666666 0.04296875 0.6440972222222222 0.044921875 0.6510416666666666 0.0498046875 0.6597222222222222
0 0.4365234375 0.6493055555555556 0.4736328125 0.6527777777777778 0.5029296875 0.6527777777777778 0.5244140625 0.6423611111111112 0.529296875 0.6302083333333334 0.53125 0.6128472222222222 0.529296875 0.5920138888888888 0.5244140625 0.5833333333333334 0.5185546875 0.5798611111111112 0.5048828125 0.5763888888888888 0.4384765625 0.5833333333333334 0.4326171875 0.5868055555555556 0.427734375 0.5954861111111112 0.423828125 0.6128472222222222 0.423828125 0.6371527777777778 0.4306640625 0.6458333333333334 0.4365234375 0.6493055555555556
0 0.1708984375 0.6736111111111112 0.2294921875 0.6736111111111112 0.2490234375 0.6701388888888888 0.2607421875 0.6631944444444444 0.263671875 0.6579861111111112 0.263671875 0.6059027777777778 0.2568359375 0.5972222222222222 0.2119140625 0.5972222222222222 0.1826171875 0.6006944444444444 0.1669921875 0.6041666666666666 0.162109375 0.609375 0.16015625 0.6197916666666666 0.16015625 0.6579861111111112 0.1650390625 0.6701388888888888 0.1708984375 0.6736111111111112
0 0.7412109375 0.6319444444444444 0.7587890625 0.6284722222222222 0.7626953125 0.625 0.765625 0.6163194444444444 0.765625 0.5815972222222222 0.7626953125 0.5729166666666666 0.7548828125 0.5694444444444444 0.7197265625 0.5694444444444444 0.6943359375 0.5729166666666666 0.689453125 0.5815972222222222 0.6875 0.5885416666666666 0.689453125 0.6197916666666666 0.6962890625 0.6319444444444444 0.7412109375 0.6319444444444444
0 1 0.5503472222222222 0.9990234375 0.5486111111111112 0.9482421875 0.5520833333333334 0.9384765625 0.5555555555555556 0.931640625 0.5607638888888888 0.9296875 0.5677083333333334 0.9296875 0.6024305555555556 0.93359375 0.6267361111111112 0.9365234375 0.6319444444444444 0.9990234375 0.625 1 0.6232638888888888 1 0.5503472222222222
0 0 0.2934027777777778 0.0009765625 0.2951388888888889 0.0146484375 0.2951388888888889 0.0322265625 0.2916666666666667 0.03515625 0.2864583333333333 0.037109375 0.2795138888888889 0.037109375 0.24479166666666666 0.0341796875 0.2361111111111111 0.0302734375 0.2326388888888889 0.0009765625 0.2326388888888889 0 0.234375 0 0.2934027777777778