0 0.665625 0.6083333333333333 0.0671875 0.05
0 0.5546875 0.5944444444444444 0.0796875 0.058333333333333334
0 0.4328125 0.5888888888888889 0.065625 0.04722222222222222
0 0.425 0.08888888888888889 0.078125 0.05555555555555555
0 0.340625 0.5944444444444444 0.0671875 0.05555555555555555
0 0.50625 0.09722222222222222 0.0671875 0.05
0 0.6578125 0.10555555555555556 0.0703125 0.05
0 0.5828125 0.09444444444444444 0.0671875 0.05277777777777778
0 0.240625 0.5944444444444444 0.065625 0.05
0 0.1453125 0.5916666666666667 0.078125 0.05
0 0.3369140625 0.11805555555555555 0.3544921875 0.11805555555555555 0.3759765625 0.11458333333333333 0.380859375 0.10590277777777778 0.380859375 0.0954861111111111 0.376953125 0.06770833333333333 0.3720703125 0.059027777777777776 0.3427734375 0.059027777777777776 0.3251953125 0.0625 0.3203125 0.07118055555555555 0.3203125 0.109375 0.3232421875 0.11458333333333333 0.3369140625 0.11805555555555555
0 0.3212890625 0.1875 0.3271484375 0.1909722222222222 0.3759765625 0.1909722222222222 0.3935546875 0.17708333333333334 0.3984375 0.1684027777777778 0.3984375 0.13368055555555555 0.3955078125 0.1284722222222222 0.3388671875 0.125 0.3193359375 0.1284722222222222 0.31640625 0.13368055555555555 0.31640625 0.171875 0.318359375 0.18229166666666666 0.3212890625 0.1875
0 0.4619140625 0.1875 0.4833984375 0.1909722222222222 0.48828125 0.18229166666666666 0.490234375 0.1684027777777778 0.490234375 0.1545138888888889 0.4853515625 0.1423611111111111 0.4384765625 0.13194444444444445 0.4248046875 0.13194444444444445 0.421875 0.1371527777777778 0.419921875 0.16145833333333334 0.4228515625 0.1701388888888889 0.4384765625 0.18055555555555555 0.4619140625 0.1875
0 0.5400390625 0.19444444444444445 0.5810546875 0.19444444444444445 0.58203125 0.19270833333333334 0.58203125 0.140625 0.5810546875 0.1388888888888889 0.5458984375 0.13541666666666666 0.5009765625 0.13541666666666666 0.498046875 0.140625 0.498046875 0.1857638888888889 0.5029296875 0.1909722222222222 0.5400390625 0.19444444444444445
0 0.9345703125 0.7326388888888888 0.9404296875 0.7291666666666666 0.943359375 0.7204861111111112 0.947265625 0.6961805555555556 0.94921875 0.671875 0.94921875 0.6163194444444444 0.9443359375 0.6076388888888888 0.9384765625 0.6041666666666666 0.9267578125 0.6041666666666666 0.919921875 0.6163194444444444 0.916015625 0.6475694444444444 0.9140625 0.671875 0.9140625 0.7274305555555556 0.9189453125 0.7326388888888888 0.9345703125 0.7326388888888888
0 0 0.6163194444444444 0.0048828125 0.6215277777777778 0.0478515625 0.6215277777777778 0.0712890625 0.6180555555555556 0.07421875 0.609375 0.07421875 0.5920138888888888 0.072265625 0.5815972222222222 0.0673828125 0.5763888888888888 0.0283203125 0.5729166666666666 0.0009765625 0.5729166666666666 0 0.5746527777777778 0 0.6163194444444444