0 0.6734375 0.6888888888888889 0.0953125 0.08611111111111111
0 0.375 0.7166666666666667 0.0953125 0.09444444444444444
0 0.2734375 0.6027777777777777 0.08125 0.11944444444444445
0 0.4421875 0.6083333333333333 0.0953125 0.07777777777777778
0 0.4234375 0.325 0.09375 0.09166666666666666
0 0.1640625 0.3 0.05 0.14444444444444443
0 0.725 0.4166666666666667 0.0828125 0.07222222222222222
0 0.1484375 0.6777777777777778 0.0796875 0.07222222222222222
0 0.075 0.20833333333333334 0.046875 0.15555555555555556
0 0.5671875 0.32222222222222224 0.090625 0.08055555555555556
0 0.225 0.48333333333333334 0.0984375 0.07777777777777778
0 0.0078125 0.7222222222222222 0.015625 0.06111111111111111