0 0.3921875 0.26944444444444443 0.0390625 0.11388888888888889
0 0.3671875 0.7666666666666667 0.0515625 0.1638888888888889
0 0.3515625 0.4666666666666667 0.0875 0.07222222222222222
0 0.3421875 0.6111111111111112 0.0875 0.06666666666666667
0 0.434375 0.24722222222222223 0.0375 0.12777777777777777
0 0.5328125 0.20833333333333334 0.0421875 0.13055555555555556
0 0.5734375 0.43333333333333335 0.0796875 0.06388888888888888
0 0.9765625 0.21666666666666667 0.0453125 0.06944444444444445
0 0.6109375 0.17222222222222222 0.0421875 0.10555555555555556
0 0.5734375 0.18611111111111112 0.040625 0.125
0 0.559375 0.5027777777777778 0.0875 0.07777777777777778
0 0.4234375 0.7888888888888889 0.04375 0.1361111111111111
0 0.6921875 0.1388888888888889 0.0421875 0.11666666666666667
0 0.6578125 0.1527777777777778 0.0421875 0.12777777777777777
0 0.48125 0.8 0.0515625 0.1638888888888889
0 0.5515625 0.5944444444444444 0.08125 0.06111111111111111
0 0.5234375 0.8083333333333333 0.04375 0.1527777777777778
0 0.73125 0.11944444444444445 0.0484375 0.1388888888888889
0 0.765625 0.10555555555555556 0.0390625 0.10277777777777777
0 0.5171875 0.6666666666666666 0.08125 0.07777777777777778
0 0.8 0.375 0.103125 0.06666666666666667
0 0.3578125 0.375 0.090625 0.075