0 0.5171875 0.24722222222222223 0.034375 0.1
0 0.471875 0.15 0.021875 0.07777777777777778
0 0.5453125 0.175 0.0234375 0.08888888888888889
0 0.4765625 0.05277777777777778 0.025 0.09166666666666666
0 0.5 0.8472222222222222 0.028125 0.075
0 0.4734375 0.2361111111111111 0.0203125 0.08611111111111111
0 0.059375 0.5694444444444444 0.05 0.041666666666666664
0 0.4171875 0.37222222222222223 0.046875 0.041666666666666664
0 0.6453125 0.5055555555555555 0.040625 0.041666666666666664
0 0.309375 0.37777777777777777 0.0515625 0.041666666666666664
0 0.6921875 0.4 0.04375 0.03888888888888889
0 0.4859375 0.6083333333333333 0.0265625 0.08333333333333333
0 0.525 0.8222222222222222 0.021875 0.08333333333333333
0 0.790625 0.6 0.0515625 0.041666666666666664
0 0.6453125 0.5861111111111111 0.05 0.044444444444444446
0 0.45 0.925 0.021875 0.10277777777777777
0 0.5453125 0.07777777777777778 0.021875 0.08055555555555556
0 0.365625 0.37777777777777777 0.053125 0.041666666666666664
0 0.9640625 0.4388888888888889 0.05625 0.04722222222222222
0 0.1265625 0.3888888888888889 0.05 0.041666666666666664
0 0.9125 0.4305555555555556 0.046875 0.03888888888888889
0 0.63125 0.3972222222222222 0.05 0.05277777777777778
0 0.2171875 0.5611111111111111 0.05 0.041666666666666664
0 0.453125 0.8166666666666667 0.0171875 0.06944444444444445
0 0.025 0.3888888888888889 0.0484375 0.03888888888888889
0 0.440625 0.4777777777777778 0.05625 0.07222222222222222
0 0.7359375 0.5972222222222222 0.0578125 0.04722222222222222
0 0.896875 0.625 0.0484375 0.044444444444444446
0 0.959375 0.6305555555555555 0.0578125 0.04722222222222222