0 0.6359375 0.65 0.06875 0.07777777777777778
0 0.4734375 0.6388888888888888 0.06875 0.05555555555555555
0 0.228125 0.6666666666666666 0.065625 0.05277777777777778
0 0.6140625 0.7333333333333333 0.0796875 0.058333333333333334
0 0.3890625 0.6527777777777778 0.0734375 0.05555555555555555
0 0.3296875 0.5083333333333333 0.0703125 0.05277777777777778
0 0.1265625 0.8083333333333333 0.0546875 0.12777777777777777
0 0.159375 0.6777777777777778 0.05625 0.05
0 0.440625 0.41388888888888886 0.0546875 0.05
0 0.9578125 0.6305555555555555 0.075 0.05277777777777778
0 0.3421875 0.425 0.0546875 0.04722222222222222
0 0.9 0.225 0.0609375 0.04722222222222222
0 0.8953125 0.3888888888888889 0.0953125 0.05
0 0.3640625 0.2638888888888889 0.0515625 0.044444444444444446
0 0.8046875 0.7138888888888889 0.071875 0.05555555555555555
0 0.309375 0.6583333333333333 0.0671875 0.05
0 0.734375 0.23055555555555557 0.0171875 0.044444444444444446
0 0.89375 0.7166666666666667 0.059375 0.044444444444444446
0 0.9875 0.7111111111111111 0.0234375 0.05555555555555555
0 0.71875 0.7166666666666667 0.0703125 0.06111111111111111
0 0.4052734375 0.9201388888888888 0.408203125 0.9079861111111112 0.40625 0.8836805555555556 0.4033203125 0.8784722222222222 0.3857421875 0.8784722222222222 0.3544921875 0.8819444444444444 0.3408203125 0.8854166666666666 0.3359375 0.8940972222222222 0.3359375 0.9288194444444444 0.3388671875 0.9340277777777778 0.4052734375 0.9201388888888888