0 0.359375 0.11666666666666667 0.04375 0.1361111111111111
0 0.7359375 0.275 0.0578125 0.05
0 0.65625 0.2638888888888889 0.06875 0.05277777777777778
0 0.303125 0.5194444444444445 0.071875 0.058333333333333334
0 0.665625 0.4888888888888889 0.0703125 0.05555555555555555
0 0.6828125 0.5861111111111111 0.0671875 0.05
0 0.584375 0.26666666666666666 0.0703125 0.058333333333333334
0 0.575 0.5 0.0703125 0.05277777777777778
0 0.5921875 0.5916666666666667 0.05625 0.04722222222222222
0 0.7765625 0.5 0.071875 0.05555555555555555
0 0.4890625 0.5194444444444445 0.06875 0.05
0 0.4921875 0.5944444444444444 0.0703125 0.058333333333333334
0 0.4046875 0.5083333333333333 0.0703125 0.058333333333333334
0 0.7609375 0.5944444444444444 0.06875 0.05555555555555555
0 0.8328125 0.2777777777777778 0.0671875 0.05277777777777778
0 0.421875 0.5972222222222222 0.0625 0.05277777777777778
0 0.36875 0.31666666666666665 0.0390625 0.17222222222222222