0 0.3625 0.4388888888888889 0.0390625 0.14444444444444443
0 0.3859375 0.5916666666666667 0.0375 0.13055555555555556
0 0.284375 0.4166666666666667 0.0390625 0.1388888888888889
0 0.3515625 0.7416666666666667 0.0359375 0.1388888888888889
0 0.2859375 0.13055555555555556 0.04375 0.16111111111111112
0 0.2953125 0.7305555555555555 0.0390625 0.125
0 0.328125 0.5916666666666667 0.0359375 0.11944444444444445
0 0.7734375 0.5805555555555556 0.0765625 0.06111111111111111
0 0.334375 0.9833333333333333 0.0328125 0.03333333333333333
0 0.371875 0.875 0.06875 0.08055555555555556
0 0.359375 0.25 0.0375 0.14166666666666666
0 0.684375 0.5805555555555556 0.0640625 0.05277777777777778
0 0.4109375 0.09444444444444444 0.034375 0.13055555555555556
0 0.065625 0.7555555555555555 0.0921875 0.075
0 0.7484375 0.46111111111111114 0.0734375 0.058333333333333334
0 0.9625 0.5666666666666667 0.071875 0.058333333333333334
0 0.596875 0.575 0.0734375 0.06111111111111111
0 0.4078125 0.2388888888888889 0.034375 0.11666666666666667
0 0.640625 0.4722222222222222 0.0875 0.06111111111111111
0 0.8703125 0.5694444444444444 0.075 0.058333333333333334
0 0.8453125 0.48055555555555557 0.0765625 0.058333333333333334
0 0.9671875 0.7083333333333334 0.05625 0.05555555555555555
0 0.5515625 0.4666666666666667 0.075 0.058333333333333334