0 0.340625 0.25 0.040625 0.09722222222222222
0 0.1421875 0.42777777777777776 0.0625 0.04722222222222222
0 0.3328125 0.03888888888888889 0.0296875 0.07777777777777778
0 0.940625 0.4361111111111111 0.06875 0.05
0 0.3015625 0.28055555555555556 0.0375 0.11388888888888889
0 0.409375 0.6194444444444445 0.0609375 0.04722222222222222
0 0.2 0.6583333333333333 0.0671875 0.05277777777777778
0 0.7640625 0.6 0.065625 0.05277777777777778
0 0.8703125 0.43333333333333335 0.0609375 0.04722222222222222
0 0.1640625 0.5972222222222222 0.065625 0.04722222222222222
0 0.3546875 0.9611111111111111 0.028125 0.075
0 0.65625 0.6 0.0578125 0.04722222222222222
0 0.7875 0.5277777777777778 0.0625 0.05
0 0.5625 0.6083333333333333 0.05 0.044444444444444446
0 0.2984375 0.6138888888888889 0.06875 0.05555555555555555
0 0.5625 0.6777777777777778 0.0640625 0.04722222222222222
0 0.40625 0.5111111111111111 0.0625 0.06388888888888888
0 0.88125 0.5833333333333334 0.059375 0.05
0 0.9390625 0.65 0.0515625 0.044444444444444446
0 0.790625 0.6611111111111111 0.0625 0.05
0 0.296875 0.1361111111111111 0.0296875 0.1
0 0.265625 0.8472222222222222 0.0328125 0.12777777777777777
0 0.784375 0.4444444444444444 0.0703125 0.044444444444444446
0 0.0390625 0.5944444444444444 0.0765625 0.05277777777777778
0 0.3 0.041666666666666664 0.0265625 0.08055555555555556
0 0.490625 0.6777777777777778 0.06875 0.04722222222222222
0 0.89375 0.5111111111111111 0.071875 0.05277777777777778
0 0.8625 0.6638888888888889 0.0578125 0.04722222222222222
0 0.634375 0.6722222222222223 0.05625 0.05
0 0.675 0.44722222222222224 0.0609375 0.04722222222222222
0 0.378125 0.2388888888888889 0.0265625 0.1
0 0.0796875 0.6611111111111111 0.05625 0.04722222222222222
0 0.0359375 0.41388888888888886 0.0703125 0.05277777777777778
0 0.3578125 0.8027777777777778 0.0296875 0.07222222222222222