0 0.234375 0.041666666666666664 0.05 0.08055555555555556
0 0.51875 0.9805555555555555 0.0296875 0.03611111111111111
0 0.4390625 0.20277777777777778 0.0609375 0.05
0 0.2421875 0.4166666666666667 0.0609375 0.05
0 0.4796875 0.9666666666666667 0.034375 0.06388888888888888
0 0.6953125 0.38055555555555554 0.0515625 0.044444444444444446
0 0.8015625 0.38055555555555554 0.0578125 0.05
0 0.33125 0.9722222222222222 0.0390625 0.05277777777777778
0 0.9015625 0.40555555555555556 0.05625 0.05555555555555555
0 0.528125 0.38055555555555554 0.0578125 0.04722222222222222
0 0.5828125 0.8694444444444445 0.04375 0.13333333333333333
0 0.4953125 0.8611111111111112 0.0296875 0.11388888888888889
0 0.6609375 0.5777777777777777 0.05625 0.04722222222222222
0 0.721875 0.49166666666666664 0.0578125 0.04722222222222222
0 0.734375 0.06666666666666667 0.06875 0.06944444444444445
0 0.384375 0.4 0.0734375 0.05555555555555555
0 0.55625 0.9916666666666667 0.028125 0.016666666666666666
0 0.075 0.21944444444444444 0.046875 0.04722222222222222
0 0.5421875 0.8472222222222222 0.0390625 0.10277777777777777
0 0.6296875 0.4388888888888889 0.0546875 0.04722222222222222
0 0.0986328125 0.5 0.1015625 0.4947916666666667 0.1015625 0.4670138888888889 0.0966796875 0.4618055555555556 0.0498046875 0.4652777777777778 0.046875 0.4704861111111111 0.046875 0.4982638888888889 0.0595703125 0.5069444444444444 0.0986328125 0.5
0 0.0595703125 0.4548611111111111 0.064453125 0.4461805555555556 0.06640625 0.4357638888888889 0.064453125 0.421875 0.0576171875 0.4131944444444444 0.0498046875 0.4097222222222222 0.046875 0.4149305555555556 0.046875 0.4461805555555556 0.0498046875 0.4548611111111111 0.0595703125 0.4548611111111111
0 0.2314453125 0.5277777777777778 0.2861328125 0.5243055555555556 0.2890625 0.5190972222222222 0.291015625 0.5017361111111112 0.291015625 0.484375 0.2841796875 0.4756944444444444 0.2431640625 0.4722222222222222 0.2060546875 0.4756944444444444 0.203125 0.4809027777777778 0.203125 0.5190972222222222 0.2060546875 0.5243055555555556 0.2314453125 0.5277777777777778
0 0.3408203125 0.9548611111111112 0.3525390625 0.9548611111111112 0.3564453125 0.9513888888888888 0.36328125 0.9392361111111112 0.365234375 0.9322916666666666 0.365234375 0.8836805555555556 0.36328125 0.8211805555555556 0.3583984375 0.8159722222222222 0.3447265625 0.8159722222222222 0.3408203125 0.8194444444444444 0.337890625 0.828125 0.3359375 0.8385416666666666 0.3359375 0.9184027777777778 0.337890625 0.9496527777777778 0.3408203125 0.9548611111111112