0 0.98125 0.058333333333333334 0.0375 0.10833333333333334
0 0.6109375 0.38333333333333336 0.053125 0.19722222222222222
0 0.44375 0.6083333333333333 0.046875 0.17777777777777778
0 0.7875 0.37222222222222223 0.05625 0.19166666666666668
0 0.384375 0.6138888888888889 0.0484375 0.17222222222222222
0 0.5515625 0.3861111111111111 0.046875 0.18333333333333332
0 0.85 0.5972222222222222 0.0484375 0.16666666666666666
0 0.3734375 0.39166666666666666 0.046875 0.18333333333333332
0 0.7265625 0.36944444444444446 0.0515625 0.19166666666666668
0 0.675 0.5944444444444444 0.0453125 0.17777777777777778
0 0.25625 0.4 0.05625 0.19722222222222222
0 0.2515625 0.027777777777777776 0.046875 0.05555555555555555
0 0.6203125 0.5916666666666667 0.0453125 0.175
0 0.5546875 0.6 0.04375 0.17777777777777778
0 0.5 0.6222222222222222 0.0484375 0.16944444444444445
0 0.2703125 0.6472222222222223 0.05625 0.18611111111111112
0 0.671875 0.375 0.053125 0.18333333333333332
0 0.4328125 0.39444444444444443 0.046875 0.18333333333333332
0 0.7328125 0.5861111111111111 0.0453125 0.15
0 0.790625 0.5833333333333334 0.0515625 0.19444444444444445
0 0.4890625 0.3972222222222222 0.05 0.18888888888888888
0 0.9625 0.9638888888888889 0.0625 0.06944444444444445
0 0.9875 0.19722222222222222 0.025 0.08888888888888889
0 0.85 0.36944444444444446 0.059375 0.2
0 0.365625 0.022222222222222223 0.0453125 0.041666666666666664
0 0.615625 0.9777777777777777 0.05 0.044444444444444446
0 0.4078125 0.9805555555555555 0.0453125 0.03611111111111111
0 0.3171875 0.4027777777777778 0.0515625 0.18611111111111112
0 0.428125 0.013888888888888888 0.0375 0.025
0 0.821875 0.9666666666666667 0.05625 0.06666666666666667
0 0.309375 0.019444444444444445 0.04375 0.03888888888888889
0 0.6625 0.013888888888888888 0.04375 0.027777777777777776
0 0.5375 0.013888888888888888 0.040625 0.025
0 0.7171875 0.011111111111111112 0.0390625 0.022222222222222223
0 0.603125 0.005555555555555556 0.0359375 0.011111111111111112
0 0.478125 0.005555555555555556 0.0359375 0.008333333333333333
0 0.7703125 0.002777777777777778 0.03125 0.005555555555555556
0 0.6044921875 0.6736111111111112 0.6083984375 0.6770833333333334 0.6298828125 0.6770833333333334 0.6357421875 0.6736111111111112 0.640625 0.6614583333333334 0.642578125 0.6336805555555556 0.640625 0.5295138888888888 0.638671875 0.515625 0.6318359375 0.5034722222222222 0.6083984375 0.5034722222222222 0.607421875 0.5052083333333334 0.59765625 0.5329861111111112 0.59765625 0.6197916666666666 0.599609375 0.6649305555555556 0.6044921875 0.6736111111111112
0 0.591796875 0.4635416666666667 0.59375 0.4704861111111111 0.6005859375 0.4791666666666667 0.6083984375 0.4826388888888889 0.6220703125 0.4791666666666667 0.6298828125 0.4722222222222222 0.634765625 0.4635416666666667 0.63671875 0.4496527777777778 0.634765625 0.3454861111111111 0.6328125 0.3211805555555556 0.62890625 0.3003472222222222 0.6220703125 0.2881944444444444 0.6162109375 0.2847222222222222 0.6025390625 0.2847222222222222 0.5908203125 0.2916666666666667 0.5859375 0.3003472222222222 0.5859375 0.3489583333333333 0.58984375 0.4427083333333333 0.591796875 0.4635416666666667
0 0.5634765625 1 0.564453125 0.9982638888888888 0.560546875 0.9809027777777778 0.5517578125 0.9652777777777778 0.5478515625 0.9618055555555556 0.5400390625 0.9618055555555556 0.5322265625 0.96875 0.51953125 0.9878472222222222 0.517578125 0.9947916666666666 0.5185546875 1 0.5634765625 1
0 0.9228515625 1 0.923828125 0.9982638888888888 0.921875 0.9878472222222222 0.90625 0.9496527777777778 0.8994140625 0.9375 0.8916015625 0.9375 0.8837890625 0.9444444444444444 0.869140625 0.9635416666666666 0.8671875 0.9704861111111112 0.8671875 0.984375 0.869140625 0.9913194444444444 0.8740234375 1 0.9228515625 1
0 0.2255859375 1 0.228515625 0.9947916666666666 0.228515625 0.9878472222222222 0.2265625 0.9809027777777778 0.2060546875 0.9479166666666666 0.2041015625 0.9479166666666666 0.1865234375 0.9652777777777778 0.1748046875 0.9791666666666666 0.169921875 0.9878472222222222 0.166015625 0.9982638888888888 0.1669921875 1 0.2255859375 1
0 0.4931640625 1 0.494140625 0.9982638888888888 0.4921875 0.9878472222222222 0.4814453125 0.96875 0.4619140625 0.9930555555555556 0.4609375 0.9947916666666666 0.4619140625 1 0.4931640625 1
0 0.7080078125 1 0.708984375 0.9982638888888888 0.703125 0.9809027777777778 0.6904296875 0.9583333333333334 0.6865234375 0.9583333333333334 0.6748046875 0.96875 0.66015625 0.9947916666666666 0.6611328125 1 0.7080078125 1