0 0.9140625 0.3527777777777778 0.0734375 0.12222222222222222
0 0.8296875 0.45 0.0640625 0.07777777777777778
0 0.5359375 0.4638888888888889 0.0671875 0.05555555555555555
0 0.2625 0.45555555555555555 0.065625 0.05555555555555555
0 0.1625 0.4388888888888889 0.0921875 0.09444444444444444
0 0.63125 0.4722222222222222 0.0796875 0.06111111111111111
0 0.734375 0.475 0.0796875 0.06111111111111111
0 0.0859375 0.28055555555555556 0.0515625 0.14166666666666666
0 0.078125 0.13333333333333333 0.0453125 0.1388888888888889
0 0.084375 0.025 0.040625 0.05
0 0.384375 0.05 0.053125 0.09166666666666666
0 0.009375 0.4583333333333333 0.01875 0.12777777777777777