0 0.15 0.4111111111111111 0.05625 0.044444444444444446
0 0.4546875 0.4166666666666667 0.0625 0.05277777777777778
0 0.909375 0.36944444444444446 0.065625 0.04722222222222222
0 0.7421875 0.36666666666666664 0.06875 0.05
0 0.1546875 0.35555555555555557 0.05625 0.044444444444444446
0 0.6046875 0.4166666666666667 0.0625 0.04722222222222222
0 0.7546875 0.20555555555555555 0.028125 0.06388888888888888
0 0.6328125 0.3638888888888889 0.053125 0.041666666666666664
0 0.0171875 0.65 0.034375 0.10555555555555556
0 0.309375 0.4166666666666667 0.059375 0.05
0 0.7296875 0.42777777777777776 0.0625 0.04722222222222222
0 0.4140625 0.35555555555555557 0.0671875 0.05277777777777778
0 0.5640625 0.5611111111111111 0.0578125 0.04722222222222222
0 0.925 0.45 0.08125 0.05277777777777778
0 0.628125 0.575 0.065625 0.05277777777777778
0 0.7390625 0.5694444444444444 0.0625 0.04722222222222222
0 0.4267578125 0.5868055555555556 0.431640625 0.578125 0.431640625 0.5572916666666666 0.4287109375 0.5486111111111112 0.4228515625 0.5451388888888888 0.3740234375 0.5451388888888888 0.37109375 0.5503472222222222 0.37109375 0.578125 0.3759765625 0.5868055555555556 0.4267578125 0.5868055555555556
0 0.1904296875 0.5868055555555556 0.2451171875 0.5868055555555556 0.251953125 0.5746527777777778 0.25 0.5538194444444444 0.248046875 0.546875 0.2392578125 0.5347222222222222 0.1884765625 0.5381944444444444 0.1796875 0.5434027777777778 0.177734375 0.5538194444444444 0.177734375 0.578125 0.1806640625 0.5833333333333334 0.1904296875 0.5868055555555556
0 0.3212890625 0.59375 0.3408203125 0.59375 0.345703125 0.5850694444444444 0.345703125 0.5642361111111112 0.34375 0.5572916666666666 0.3388671875 0.5520833333333334 0.3212890625 0.5486111111111112 0.2919921875 0.5520833333333334 0.2880859375 0.5555555555555556 0.287109375 0.5572916666666666 0.287109375 0.5850694444444444 0.2900390625 0.5902777777777778 0.3212890625 0.59375
0 0.8583984375 0.5902777777777778 0.8681640625 0.5972222222222222 0.9287109375 0.6006944444444444 0.93359375 0.5920138888888888 0.93359375 0.578125 0.931640625 0.5711805555555556 0.9267578125 0.5625 0.9111328125 0.5520833333333334 0.8583984375 0.5520833333333334 0.85546875 0.5572916666666666 0.853515625 0.5642361111111112 0.853515625 0.578125 0.85546875 0.5850694444444444 0.8583984375 0.5902777777777778
0 1 0.5607638888888888 0.9990234375 0.5590277777777778 0.9541015625 0.5590277777777778 0.9443359375 0.5625 0.943359375 0.5677083333333334 0.947265625 0.5920138888888888 0.9501953125 0.5972222222222222 0.9892578125 0.6006944444444444 0.9990234375 0.6006944444444444 1 0.5989583333333334 1 0.5607638888888888
0 0.7353515625 0.2534722222222222 0.73828125 0.24479166666666666 0.73828125 0.1753472222222222 0.7294921875 0.1701388888888889 0.7177734375 0.1701388888888889 0.71484375 0.1753472222222222 0.712890625 0.24131944444444445 0.7158203125 0.25 0.7275390625 0.2534722222222222 0.7353515625 0.2534722222222222