0 0.5296875 0.36666666666666664 0.0234375 0.08888888888888889
0 0.4890625 0.32222222222222224 0.025 0.1111111111111111
0 0.7546875 0.08611111111111111 0.0546875 0.04722222222222222
0 0.59375 0.9222222222222223 0.0234375 0.09444444444444444
0 0.8484375 0.1 0.0515625 0.03888888888888889
0 0.496875 0.55 0.01875 0.07222222222222222
0 0.9109375 0.09166666666666666 0.0484375 0.041666666666666664
0 0.496875 0.6527777777777778 0.0203125 0.08333333333333333
0 0.80625 0.17222222222222222 0.06875 0.04722222222222222
0 0.6359375 0.8111111111111111 0.0234375 0.09722222222222222
0 0.60625 0.10555555555555556 0.046875 0.06944444444444445
0 0.9890625 0.175 0.0203125 0.041666666666666664
0 0.5771484375 0.3993055555555556 0.580078125 0.390625 0.58203125 0.3003472222222222 0.5791015625 0.2916666666666667 0.5634765625 0.2916666666666667 0.560546875 0.3038194444444444 0.55859375 0.3524305555555556 0.55859375 0.3940972222222222 0.5615234375 0.3993055555555556 0.5771484375 0.3993055555555556
0 0.4794921875 0.2152777777777778 0.4892578125 0.2152777777777778 0.494140625 0.2065972222222222 0.494140625 0.1857638888888889 0.48828125 0.140625 0.4853515625 0.13541666666666666 0.4794921875 0.13194444444444445 0.4736328125 0.13541666666666666 0.470703125 0.140625 0.470703125 0.1579861111111111 0.474609375 0.203125 0.4794921875 0.2152777777777778