0 0.4203125 0.2388888888888889 0.0828125 0.06666666666666667
0 0.9765625 0.20277777777777778 0.046875 0.08333333333333333
0 0.9234375 0.8138888888888889 0.0875 0.09722222222222222
0 0.175 0.25277777777777777 0.078125 0.06388888888888888
0 0.809375 0.17777777777777778 0.0828125 0.08888888888888889
0 0.6578125 0.225 0.09375 0.07777777777777778
0 0.071875 0.7305555555555555 0.0875 0.06388888888888888
0 0.534375 0.7861111111111111 0.0875 0.07777777777777778
0 0.7671875 0.8833333333333333 0.0703125 0.07222222222222222
0 0.259375 0.6388888888888888 0.10625 0.06388888888888888
0 0.2625 0.7916666666666666 0.08125 0.06666666666666667