0 0.878125 0.8388888888888889 0.0546875 0.09166666666666666
0 0.1625 0.31666666666666665 0.0640625 0.05277777777777778
0 0.85 0.18888888888888888 0.059375 0.05277777777777778
0 0.95625 0.4388888888888889 0.0859375 0.075
0 0.315625 0.28888888888888886 0.065625 0.05555555555555555
0 0.409375 0.5638888888888889 0.0640625 0.05555555555555555
0 0.53125 0.25555555555555554 0.06875 0.05555555555555555
0 0.2046875 0.5888888888888889 0.059375 0.05277777777777778
0 0.7859375 0.20833333333333334 0.0578125 0.05
0 0.975 0.6027777777777777 0.0484375 0.058333333333333334
0 0.125 0.5972222222222222 0.06875 0.05
0 0.090625 0.3194444444444444 0.059375 0.05555555555555555
0 0.9609375 0.9611111111111111 0.0578125 0.07777777777777778
0 0.28125 0.5833333333333334 0.059375 0.05555555555555555
0 0.990625 0.1527777777777778 0.0171875 0.04722222222222222
0 0.3984375 0.275 0.059375 0.05555555555555555
0 0.484375 0.5611111111111111 0.08125 0.06388888888888888
0 0.715625 0.21944444444444444 0.078125 0.06666666666666667
0 0.403125 0.7472222222222222 0.0796875 0.058333333333333334