0 0.7375 0.1 0.025 0.07222222222222222
0 0.9828125 0.6277777777777778 0.034375 0.05
0 0.3328125 0.5527777777777778 0.0484375 0.044444444444444446
0 0.890625 0.7222222222222222 0.0609375 0.06111111111111111
0 0.2265625 0.5361111111111111 0.05625 0.044444444444444446
0 0.875 0.35555555555555557 0.0703125 0.08888888888888889
0 0.228125 0.6083333333333333 0.0609375 0.04722222222222222
0 0.353125 0.6305555555555555 0.05625 0.04722222222222222
0 0.8796875 0.5111111111111111 0.05625 0.05
0 0.9578125 0.5444444444444444 0.0671875 0.058333333333333334
0 0.69375 0.9361111111111111 0.0328125 0.1111111111111111
0 0.1171875 0.525 0.071875 0.05555555555555555
0 0.871875 0.2833333333333333 0.03125 0.058333333333333334
0 0.084375 0.5833333333333334 0.06875 0.05
0 0.73125 0.9472222222222222 0.028125 0.10555555555555556
0 0.4828125 0.65 0.071875 0.05277777777777778
0 0.684375 0.03888888888888889 0.0265625 0.075
0 0.88125 0.5777777777777777 0.046875 0.04722222222222222