0 0.3828125 0.07222222222222222 0.053125 0.05
0 0.7359375 0.35 0.03125 0.1
0 0.7484375 0.15833333333333333 0.03125 0.1
0 0.1484375 0.03333333333333333 0.0375 0.06388888888888888
0 0.425 0.022222222222222223 0.0578125 0.044444444444444446
0 0.79375 0.2361111111111111 0.040625 0.06388888888888888
0 0.815625 0.04722222222222222 0.028125 0.09444444444444444
0 0.30625 0.25 0.0546875 0.05
0 0.0890625 0.6805555555555556 0.05 0.10277777777777777
0 0.3296875 0.125 0.053125 0.058333333333333334
0 0.33125 0.18888888888888888 0.06875 0.05
0 0.25 0.36944444444444446 0.05625 0.04722222222222222
0 0.209375 0.43333333333333335 0.06875 0.05555555555555555
0 0.2828125 0.30833333333333335 0.05 0.044444444444444446
0 0.1181640625 0.9166666666666666 0.1513671875 0.9027777777777778 0.1611328125 0.8958333333333334 0.166015625 0.8836805555555556 0.1640625 0.8628472222222222 0.1611328125 0.8576388888888888 0.1474609375 0.8576388888888888 0.1220703125 0.8680555555555556 0.1103515625 0.875 0.10546875 0.8836805555555556 0.10546875 0.9079861111111112 0.1103515625 0.9166666666666666 0.1181640625 0.9166666666666666