0 0.371875 0.6333333333333333 0.0609375 0.05
0 0.278125 0.5833333333333334 0.0625 0.04722222222222222
0 0.8421875 0.5638888888888889 0.059375 0.05277777777777778
0 0.271875 0.725 0.078125 0.05277777777777778
0 0.959375 0.6083333333333333 0.075 0.075
0 0.740625 0.5416666666666666 0.05625 0.04722222222222222
0 0.4328125 0.5638888888888889 0.0609375 0.05277777777777778
0 0.5796875 0.6361111111111111 0.059375 0.04722222222222222
0 0.43125 0.7027777777777777 0.059375 0.05
0 0.58125 0.5555555555555556 0.0734375 0.058333333333333334
0 0.4734375 0.6277777777777778 0.053125 0.04722222222222222
0 0.7734375 0.6111111111111112 0.0640625 0.058333333333333334
0 0.121875 0.6611111111111111 0.0671875 0.05
0 0.1390625 0.5972222222222222 0.065625 0.05277777777777778
0 0.23125 0.6638888888888889 0.059375 0.044444444444444446