0 0.684375 0.49722222222222223 0.0796875 0.1111111111111111
0 0.6921875 0.3972222222222222 0.078125 0.10833333333333334
0 0.696875 0.3055555555555556 0.071875 0.1
0 0.4015625 0.37222222222222223 0.040625 0.12222222222222222
0 0.7109375 0.1527777777777778 0.0640625 0.08055555555555556
0 0.7015625 0.6638888888888889 0.04375 0.16111111111111112
0 0.709375 0.23333333333333334 0.06875 0.07222222222222222
0 0.3296875 0.7916666666666666 0.053125 0.16111111111111112
0 0.375 0.5388888888888889 0.05 0.15555555555555556
0 0.6140625 0.26944444444444443 0.04375 0.1527777777777778
0 0.65 0.6611111111111111 0.0390625 0.14722222222222223
0 0.4703125 0.35833333333333334 0.0421875 0.11944444444444445
0 0.49375 0.7277777777777777 0.0390625 0.1527777777777778
0 0.3875 0.7666666666666667 0.05 0.16111111111111112
0 0.4716796875 0.6215277777777778 0.4892578125 0.6215277777777778 0.494140625 0.6128472222222222 0.49609375 0.5989583333333334 0.501953125 0.515625 0.501953125 0.4878472222222222 0.5 0.4809027777777778 0.4931640625 0.4722222222222222 0.4833984375 0.46875 0.4736328125 0.4722222222222222 0.46875 0.4809027777777778 0.466796875 0.4878472222222222 0.46484375 0.5086805555555556 0.458984375 0.578125 0.458984375 0.6059027777777778 0.4619140625 0.6145833333333334 0.4716796875 0.6215277777777778
0 0.4091796875 0.625 0.4248046875 0.625 0.4296875 0.6163194444444444 0.431640625 0.609375 0.44921875 0.5121527777777778 0.44921875 0.4982638888888889 0.4443359375 0.4861111111111111 0.4365234375 0.4791666666666667 0.4287109375 0.4756944444444444 0.4248046875 0.4756944444444444 0.4189453125 0.4791666666666667 0.416015625 0.4878472222222222 0.396484375 0.5920138888888888 0.396484375 0.6059027777777778 0.4013671875 0.6180555555555556 0.4091796875 0.625
0 0.4267578125 0.8229166666666666 0.4326171875 0.8263888888888888 0.4462890625 0.8263888888888888 0.453125 0.8142361111111112 0.455078125 0.8038194444444444 0.45703125 0.7829861111111112 0.4609375 0.6822916666666666 0.4560546875 0.6736111111111112 0.4521484375 0.6701388888888888 0.4443359375 0.6666666666666666 0.4384765625 0.6666666666666666 0.4345703125 0.6701388888888888 0.431640625 0.6788194444444444 0.427734375 0.7065972222222222 0.419921875 0.7934027777777778 0.419921875 0.8072916666666666 0.421875 0.8142361111111112 0.4267578125 0.8229166666666666