0 0.421875 0.34444444444444444 0.0578125 0.05277777777777778
0 0.80625 0.46111111111111114 0.0734375 0.05555555555555555
0 0.0515625 0.3888888888888889 0.071875 0.058333333333333334
0 0.409375 0.4361111111111111 0.0734375 0.06111111111111111
0 0.2890625 0.49722222222222223 0.0671875 0.058333333333333334
0 0.290625 0.5694444444444444 0.0625 0.05277777777777778
0 0.771875 0.3861111111111111 0.0734375 0.05555555555555555
0 0.3125 0.41944444444444445 0.0578125 0.05277777777777778
0 0.2359375 0.4083333333333333 0.065625 0.05555555555555555
0 0.7046875 0.4583333333333333 0.0703125 0.05555555555555555
0 0.140625 0.3972222222222222 0.06875 0.05555555555555555
0 0.125 0.5666666666666667 0.065625 0.05555555555555555
0 0.259375 0.3388888888888889 0.05625 0.05
0 0.4953125 0.5222222222222223 0.0703125 0.058333333333333334
0 0.5046875 0.4444444444444444 0.0640625 0.05555555555555555
0 0.5796875 0.4666666666666667 0.0625 0.05277777777777778
0 0.1890625 0.32222222222222224 0.0625 0.06388888888888888
0 0.615625 0.39444444444444443 0.090625 0.06111111111111111
0 0.525 0.3611111111111111 0.0796875 0.05277777777777778
0 0.58125 0.6027777777777777 0.065625 0.05555555555555555
0 0.65 0.6111111111111112 0.05625 0.04722222222222222
0 0.9109375 0.3861111111111111 0.084375 0.05
0 0.7828125 0.6222222222222222 0.0671875 0.05277777777777778
0 0.215625 0.5694444444444444 0.0703125 0.05555555555555555
0 0.034375 0.5638888888888889 0.0671875 0.05555555555555555
0 0.984375 0.475 0.028125 0.05277777777777778
0 0.9765625 0.39444444444444443 0.0453125 0.044444444444444446
0 0.990625 0.6416666666666667 0.0171875 0.05555555555555555
0 0.6162109375 0.23958333333333334 0.623046875 0.2309027777777778 0.623046875 0.19270833333333334 0.6171875 0.13368055555555555 0.6142578125 0.1284722222222222 0.6005859375 0.1284722222222222 0.595703125 0.1371527777777778 0.595703125 0.2309027777777778 0.5986328125 0.23958333333333334 0.6162109375 0.23958333333333334
0 0.9287109375 0.2569444444444444 0.931640625 0.2517361111111111 0.93359375 0.1996527777777778 0.931640625 0.18229166666666666 0.9287109375 0.17708333333333334 0.9169921875 0.17708333333333334 0.916015625 0.17881944444444445 0.9140625 0.21006944444444445 0.9140625 0.2517361111111111 0.9189453125 0.2569444444444444 0.9287109375 0.2569444444444444