0 0.4640625 0.25833333333333336 0.084375 0.06666666666666667
0 0.296875 0.5527777777777778 0.0578125 0.18333333333333332
0 0.2109375 0.08333333333333333 0.0734375 0.1111111111111111
0 0.9125 0.2611111111111111 0.096875 0.07222222222222222
0 0.7609375 0.4527777777777778 0.08125 0.17222222222222222
0 0.565625 0.5111111111111111 0.0828125 0.2
0 0.83125 0.44166666666666665 0.0953125 0.19166666666666668
0 0.4953125 0.5166666666666667 0.06875 0.20277777777777778
0 0.625 0.475 0.0875 0.19444444444444445
0 0.3640625 0.5388888888888889 0.0671875 0.20277777777777778
0 0.425 0.525 0.0625 0.20555555555555555
0 0.7078125 0.5055555555555555 0.0609375 0.09444444444444444
0 0.2109375 0.013888888888888888 0.0359375 0.025