0 0.78125 0.725 0.075 0.06666666666666667
0 0.834375 0.5833333333333334 0.0890625 0.06944444444444445
0 0.4375 0.7277777777777777 0.084375 0.06666666666666667
0 0.909375 0.7027777777777777 0.0875 0.06944444444444445
0 0.090625 0.7222222222222222 0.0953125 0.07222222222222222
0 0.5328125 0.8166666666666667 0.0859375 0.06944444444444445
0 0.30625 0.8277777777777777 0.0875 0.06666666666666667
0 0.540625 0.7194444444444444 0.0796875 0.06111111111111111
0 0.284375 0.7277777777777777 0.078125 0.06666666666666667
0 0.3609375 0.5166666666666667 0.08125 0.06388888888888888
0 0.196875 0.8111111111111111 0.1140625 0.10277777777777777
0 0.8734375 0.4888888888888889 0.071875 0.058333333333333334
0 0.11875 0.6305555555555555 0.0875 0.06388888888888888
0 0.6625 0.7083333333333334 0.109375 0.06944444444444445
0 0.3328125 0.6166666666666667 0.09375 0.06666666666666667
0 0.0953125 0.8444444444444444 0.0921875 0.06666666666666667
0 0.959375 0.48055555555555557 0.078125 0.06111111111111111
0 0.9875 0.6972222222222222 0.0234375 0.06388888888888888
0 0.040625 0.5388888888888889 0.0796875 0.07222222222222222
0 0.7875 0.49444444444444446 0.0875 0.06666666666666667
0 0.0140625 0.8444444444444444 0.028125 0.06944444444444445
0 0.2578125 0.5194444444444445 0.096875 0.06666666666666667