0 0.3453125 0.9333333333333333 0.08125 0.06666666666666667
0 0.553125 0.1361111111111111 0.03125 0.1
0 0.6140625 0.28888888888888886 0.034375 0.10833333333333334
0 0.9140625 0.6555555555555556 0.0796875 0.06666666666666667
0 0.1953125 0.6611111111111111 0.075 0.08611111111111111
0 0.134375 0.8805555555555555 0.084375 0.06944444444444445
0 0.5734375 0.36944444444444446 0.0296875 0.09444444444444444
0 0.2296875 0.8722222222222222 0.075 0.06666666666666667
0 0.296875 0.6472222222222223 0.06875 0.058333333333333334
0 0.5625 0.26666666666666666 0.0375 0.11388888888888889
0 0.3859375 0.6527777777777778 0.06875 0.06111111111111111
0 0.5984375 0.13055555555555556 0.034375 0.10277777777777777
0 0.584375 0.03611111111111111 0.0328125 0.06944444444444445
0 0.0203125 0.6583333333333333 0.0390625 0.05555555555555555
0 0.9796875 0.5833333333333334 0.0390625 0.07222222222222222
0 0.4125 0.875 0.0828125 0.08888888888888889
0 0.6234375 0.45555555555555555 0.0375 0.1388888888888889
0 0.71875 0.3527777777777778 0.040625 0.12777777777777777
0 0.1109375 0.6527777777777778 0.09375 0.06111111111111111
0 0.9078125 0.8305555555555556 0.078125 0.10555555555555556