0 0.0390625 0.28888888888888886 0.0765625 0.06666666666666667
0 0.1671875 0.3138888888888889 0.0734375 0.06944444444444445
0 0.3359375 0.3472222222222222 0.0796875 0.06388888888888888
0 0.2046875 0.41944444444444445 0.06875 0.06388888888888888
0 0.4984375 0.37777777777777777 0.0828125 0.06944444444444445
0 0.734375 0.4777777777777778 0.0640625 0.058333333333333334
0 0.8890625 0.03333333333333333 0.0390625 0.06666666666666667
0 0.928125 0.027777777777777776 0.0359375 0.05555555555555555
0 0.921875 0.5361111111111111 0.078125 0.058333333333333334
0 0.709375 0.8722222222222222 0.040625 0.12777777777777777
0 0.7046875 0.35 0.071875 0.05555555555555555
0 0.3953125 0.45 0.0703125 0.06388888888888888
0 0.45 0.027777777777777776 0.028125 0.05555555555555555
0 0.7375 0.9916666666666667 0.03125 0.016666666666666666
0 0.81875 0.12222222222222222 0.04375 0.11666666666666667
0 0.4859375 0.03611111111111111 0.03125 0.06944444444444445
0 0.63125 0.20277777777777778 0.0875 0.09722222222222222
0 0.0109375 0.37777777777777777 0.0203125 0.04722222222222222