0 0.0890625 0.25833333333333336 0.05 0.1361111111111111
0 0.715625 0.5388888888888889 0.0640625 0.05277777777777778
0 0.4140625 0.5833333333333334 0.06875 0.06666666666666667
0 0.084375 0.6972222222222222 0.0765625 0.07222222222222222
0 0.309375 0.6027777777777777 0.0640625 0.06944444444444445
0 0.190625 0.44166666666666665 0.05625 0.1388888888888889
0 0.728125 0.6611111111111111 0.065625 0.058333333333333334
0 0.81875 0.40555555555555556 0.0921875 0.06944444444444445
0 0.378125 0.7666666666666667 0.0921875 0.08333333333333333
0 0.971875 0.5805555555555556 0.0546875 0.05555555555555555
0 0.059375 0.08888888888888889 0.0515625 0.11388888888888889
0 0.828125 0.65 0.0734375 0.06666666666666667
0 0.0796875 0.9055555555555556 0.078125 0.08055555555555556
0 0.009375 0.725 0.0171875 0.05
0 0.1396484375 0.9027777777777778 0.1455078125 0.9027777777777778 0.1708984375 0.8923611111111112 0.1982421875 0.8784722222222222 0.205078125 0.8697916666666666 0.205078125 0.8489583333333334 0.201171875 0.8315972222222222 0.1982421875 0.8263888888888888 0.1884765625 0.8263888888888888 0.1416015625 0.84375 0.1376953125 0.8472222222222222 0.12890625 0.8628472222222222 0.12890625 0.8767361111111112 0.1328125 0.8940972222222222 0.1396484375 0.9027777777777778
0 0.2216796875 0.8611111111111112 0.2333984375 0.8611111111111112 0.2666015625 0.84375 0.2724609375 0.8402777777777778 0.275390625 0.8315972222222222 0.275390625 0.8177083333333334 0.271484375 0.8003472222222222 0.2685546875 0.7951388888888888 0.2587890625 0.7951388888888888 0.2275390625 0.8090277777777778 0.2177734375 0.8194444444444444 0.21484375 0.8246527777777778 0.21484375 0.8385416666666666 0.21875 0.8559027777777778 0.2216796875 0.8611111111111112
0 0 0.9704861111111112 0.0029296875 0.9722222222222222 0.0185546875 0.9618055555555556 0.021484375 0.9565972222222222 0.0234375 0.9461805555555556 0.021484375 0.9322916666666666 0.0107421875 0.9131944444444444 0.0048828125 0.9131944444444444 0.0009765625 0.9166666666666666 0 0.9184027777777778 0 0.9704861111111112
0 0.6025390625 0.71875 0.6240234375 0.7152777777777778 0.6708984375 0.7013888888888888 0.67578125 0.6961805555555556 0.67578125 0.6753472222222222 0.671875 0.6475694444444444 0.6689453125 0.6423611111111112 0.6513671875 0.6423611111111112 0.5986328125 0.6597222222222222 0.59375 0.6649305555555556 0.591796875 0.671875 0.591796875 0.6927083333333334 0.595703125 0.7100694444444444 0.6025390625 0.71875