0 0.6828125 0.4777777777777778 0.0625 0.08888888888888889
0 0.3953125 0.19166666666666668 0.065625 0.05555555555555555
0 0.840625 0.5888888888888889 0.0625 0.1
0 0.5296875 0.3638888888888889 0.065625 0.058333333333333334
0 0.1125 0.16944444444444445 0.06875 0.05277777777777778
0 0.5265625 0.20833333333333334 0.0625 0.06111111111111111
0 0.4078125 0.8888888888888888 0.0484375 0.10555555555555556
0 0.478125 0.26666666666666666 0.0546875 0.05277777777777778
0 0.6546875 0.3472222222222222 0.0640625 0.08333333333333333
0 0.253125 0.17777777777777778 0.05625 0.04722222222222222
0 0.7546875 0.46111111111111114 0.0625 0.09444444444444444
0 0.36875 0.7805555555555556 0.0625 0.12222222222222222
0 0.9703125 0.4888888888888889 0.0375 0.11666666666666667
0 0.3546875 0.25555555555555554 0.0625 0.05555555555555555
0 0.8328125 0.675 0.059375 0.09166666666666666
0 0.0140625 0.16111111111111112 0.0265625 0.05555555555555555
0 0.1296875 0.4222222222222222 0.0578125 0.06944444444444445
0 0.234375 0.25 0.0671875 0.05277777777777778
0 0.9546875 0.775 0.034375 0.12222222222222222
0 0.8578125 0.48055555555555557 0.0515625 0.07777777777777778
0 0.0625 0.25 0.06875 0.058333333333333334
0 0.659375 0.275 0.0796875 0.08611111111111111
0 0.328125 0.6666666666666666 0.046875 0.10277777777777777
0 0.771875 0.3888888888888889 0.075 0.11388888888888889