0 0.6921875 0.4083333333333333 0.071875 0.06111111111111111
0 0.2625 0.3416666666666667 0.071875 0.06111111111111111
0 0.609375 0.4111111111111111 0.0703125 0.06111111111111111
0 0.159375 0.3277777777777778 0.071875 0.06388888888888888
0 0.103125 0.4111111111111111 0.0765625 0.06666666666666667
0 0.934375 0.4027777777777778 0.078125 0.05277777777777778
0 0.028125 0.3 0.05625 0.075
0 0.3671875 0.35555555555555557 0.0609375 0.058333333333333334
0 0.709375 0.5 0.071875 0.07222222222222222
0 0.9671875 0.5527777777777778 0.0640625 0.05555555555555555
0 0.7921875 0.43333333333333335 0.0828125 0.06111111111111111
0 0.8671875 0.7 0.0890625 0.06944444444444445
0 0.621875 0.5027777777777778 0.06875 0.058333333333333334
0 0.940625 0.9555555555555556 0.040625 0.08888888888888889
0 0.7203125 0.06666666666666667 0.034375 0.12777777777777777
0 0.6796875 0.06666666666666667 0.0328125 0.10277777777777777
0 0.89375 0.46944444444444444 0.0875 0.06666666666666667