0 0.084375 0.09722222222222222 0.0890625 0.075
0 0.55625 0.18611111111111112 0.090625 0.075
0 0.675 0.5333333333333333 0.09375 0.07777777777777778
0 0.365625 0.5194444444444445 0.0984375 0.06944444444444445
0 0.365625 0.06666666666666667 0.0859375 0.075
0 0.953125 0.7888888888888889 0.090625 0.11666666666666667
0 0.884375 0.6194444444444445 0.0984375 0.1
0 0.1859375 0.6111111111111112 0.1 0.075
0 0.503125 0.5194444444444445 0.109375 0.07222222222222222
0 0.6515625 0.6388888888888888 0.1015625 0.08055555555555556
0 0.953125 0.016666666666666666 0.0734375 0.03333333333333333
0 0.73125 0.7805555555555556 0.0953125 0.1
0 0.8640625 0.8555555555555555 0.1140625 0.125
0 0.25 0.525 0.1015625 0.06666666666666667