0 0.13125 0.7861111111111111 0.0703125 0.06111111111111111
0 0.94375 0.6361111111111111 0.0828125 0.06111111111111111
0 0.109375 0.7083333333333334 0.0625 0.05555555555555555
0 0.5322265625 0.7847222222222222 0.5380859375 0.7881944444444444 0.5732421875 0.7881944444444444 0.5888671875 0.7847222222222222 0.58984375 0.7829861111111112 0.58984375 0.7447916666666666 0.5869140625 0.7361111111111112 0.5810546875 0.7326388888888888 0.5712890625 0.7326388888888888 0.5322265625 0.7361111111111112 0.52734375 0.7413194444444444 0.525390625 0.7482638888888888 0.525390625 0.7690972222222222 0.52734375 0.7760416666666666 0.5322265625 0.7847222222222222
0 0.6455078125 0.7708333333333334 0.6650390625 0.7673611111111112 0.66796875 0.7621527777777778 0.66796875 0.7274305555555556 0.6650390625 0.7222222222222222 0.6591796875 0.71875 0.6474609375 0.71875 0.6123046875 0.7222222222222222 0.6083984375 0.7256944444444444 0.60546875 0.7309027777777778 0.60546875 0.7586805555555556 0.6123046875 0.7708333333333334 0.6455078125 0.7708333333333334
0 0.2080078125 0.8194444444444444 0.2626953125 0.8125 0.2705078125 0.8055555555555556 0.2734375 0.7934027777777778 0.2734375 0.7864583333333334 0.26953125 0.765625 0.2626953125 0.7569444444444444 0.2197265625 0.7569444444444444 0.2060546875 0.7604166666666666 0.201171875 0.7690972222222222 0.19921875 0.7760416666666666 0.19921875 0.7934027777777778 0.203125 0.8107638888888888 0.2080078125 0.8194444444444444
0 0.1806640625 0.7395833333333334 0.1923828125 0.7430555555555556 0.2236328125 0.7395833333333334 0.2373046875 0.7361111111111112 0.2412109375 0.7326388888888888 0.244140625 0.7239583333333334 0.244140625 0.703125 0.2421875 0.6927083333333334 0.2392578125 0.6875 0.2333984375 0.6840277777777778 0.1923828125 0.6840277777777778 0.1787109375 0.6875 0.173828125 0.6961805555555556 0.173828125 0.7274305555555556 0.17578125 0.734375 0.1806640625 0.7395833333333334
0 0.4248046875 0.7951388888888888 0.4794921875 0.7916666666666666 0.4853515625 0.7881944444444444 0.48828125 0.7795138888888888 0.48828125 0.7482638888888888 0.4833984375 0.7361111111111112 0.4775390625 0.7326388888888888 0.4189453125 0.7326388888888888 0.4130859375 0.7361111111111112 0.408203125 0.7447916666666666 0.408203125 0.7760416666666666 0.4169921875 0.7916666666666666 0.4248046875 0.7951388888888888
0 0.3076171875 0.8020833333333334 0.3330078125 0.8055555555555556 0.3837890625 0.8020833333333334 0.390625 0.7934027777777778 0.388671875 0.7621527777777778 0.3798828125 0.7465277777777778 0.3447265625 0.7465277777777778 0.3076171875 0.75 0.3037109375 0.7534722222222222 0.302734375 0.7552083333333334 0.302734375 0.7760416666666666 0.3046875 0.7934027777777778 0.3076171875 0.8020833333333334
0 0 0.8350694444444444 0.0009765625 0.8368055555555556 0.0244140625 0.8368055555555556 0.0439453125 0.8333333333333334 0.0576171875 0.8263888888888888 0.0654296875 0.8194444444444444 0.068359375 0.8142361111111112 0.068359375 0.7829861111111112 0.06640625 0.7690972222222222 0.0634765625 0.7638888888888888 0.0185546875 0.7638888888888888 0.0009765625 0.7673611111111112 0 0.7690972222222222 0 0.8350694444444444
0 0.5869140625 0.6319444444444444 0.6201171875 0.6284722222222222 0.6435546875 0.625 0.646484375 0.6197916666666666 0.646484375 0.5885416666666666 0.64453125 0.5746527777777778 0.6416015625 0.5694444444444444 0.6279296875 0.5659722222222222 0.5810546875 0.5694444444444444 0.5498046875 0.5763888888888888 0.544921875 0.5850694444444444 0.544921875 0.6232638888888888 0.5498046875 0.6319444444444444 0.5869140625 0.6319444444444444
0 0.6826171875 0.6111111111111112 0.7490234375 0.6041666666666666 0.7607421875 0.6006944444444444 0.763671875 0.5954861111111112 0.763671875 0.5642361111111112 0.76171875 0.5538194444444444 0.7587890625 0.5486111111111112 0.7353515625 0.5486111111111112 0.6767578125 0.5555555555555556 0.671875 0.5642361111111112 0.671875 0.5954861111111112 0.6767578125 0.6076388888888888 0.6826171875 0.6111111111111112
0 0.7822265625 0.6006944444444444 0.8056640625 0.6006944444444444 0.8798828125 0.5902777777777778 0.884765625 0.5850694444444444 0.884765625 0.5503472222222222 0.8818359375 0.5416666666666666 0.8095703125 0.5416666666666666 0.7861328125 0.5451388888888888 0.7783203125 0.5486111111111112 0.775390625 0.5538194444444444 0.7734375 0.5677083333333334 0.775390625 0.5885416666666666 0.77734375 0.5954861111111112 0.7822265625 0.6006944444444444
0 0.9091796875 0.5833333333333334 0.9306640625 0.5833333333333334 0.9580078125 0.5763888888888888 0.9609375 0.5711805555555556 0.9609375 0.5399305555555556 0.9580078125 0.5347222222222222 0.9091796875 0.5347222222222222 0.904296875 0.5399305555555556 0.90234375 0.546875 0.90234375 0.5642361111111112 0.904296875 0.5746527777777778 0.9091796875 0.5833333333333334
0 1 0.6892361111111112 0.9990234375 0.6875 0.9814453125 0.6875 0.9765625 0.6961805555555556 0.9765625 0.7274305555555556 0.978515625 0.734375 0.9912109375 0.7395833333333334 0.9990234375 0.7395833333333334 1 0.7378472222222222 1 0.6892361111111112