0 0.534375 0.21388888888888888 0.04375 0.09444444444444444
0 0.56875 0.48055555555555557 0.0515625 0.03888888888888889
0 0.9109375 0.17777777777777778 0.0578125 0.05
0 0.440625 0.2722222222222222 0.05625 0.05555555555555555
0 0.13125 0.2388888888888889 0.059375 0.05
0 0.5703125 0.5277777777777778 0.05625 0.058333333333333334
0 0.9859375 0.25555555555555554 0.028125 0.041666666666666664
0 0.85 0.17222222222222222 0.053125 0.04722222222222222
0 0.3375 0.18888888888888888 0.0546875 0.044444444444444446
0 0.1515625 0.10833333333333334 0.05625 0.05
0 0.0234375 0.23055555555555557 0.0453125 0.04722222222222222
0 0.61875 0.3972222222222222 0.0296875 0.1111111111111111
0 0.784375 0.17222222222222222 0.0546875 0.04722222222222222
0 0.5625 0.6722222222222223 0.05625 0.06111111111111111
0 0.5734375 0.4222222222222222 0.05 0.05555555555555555
0 0.209375 0.2388888888888889 0.05625 0.041666666666666664
0 0.3203125 0.25555555555555554 0.06875 0.05555555555555555
0 0.0234375 0.10277777777777777 0.04375 0.044444444444444446
0 0.5640625 0.5777777777777777 0.05 0.04722222222222222
0 0.5625 0.7305555555555555 0.0546875 0.044444444444444446