0 0.48125 0.475 0.08125 0.07222222222222222
0 0.659375 0.49722222222222223 0.0921875 0.07222222222222222
0 0.321875 0.5722222222222222 0.08125 0.06388888888888888
0 0.34375 0.48055555555555557 0.0796875 0.06666666666666667
0 0.221875 0.5222222222222223 0.0828125 0.06666666666666667
0 0.5140625 0.5694444444444444 0.0765625 0.05555555555555555
0 0.4234375 0.5638888888888889 0.0671875 0.05277777777777778
0 0.30625 0.8083333333333333 0.0875 0.06388888888888888
0 0.7765625 0.6027777777777777 0.084375 0.06388888888888888
0 0.1109375 0.5111111111111111 0.06875 0.05555555555555555
0 0.65625 0.6083333333333333 0.0765625 0.06388888888888888
0 0.940625 0.5888888888888889 0.090625 0.06944444444444445