0 0.0203125 0.4305555555555556 0.0390625 0.05
0 0.8046875 0.6194444444444445 0.0703125 0.05277777777777778
0 0.2078125 0.4388888888888889 0.0609375 0.05277777777777778
0 0.1953125 0.5861111111111111 0.0703125 0.05277777777777778
0 0.6671875 0.4444444444444444 0.0640625 0.04722222222222222
0 0.040625 0.6666666666666666 0.075 0.058333333333333334
0 0.5453125 0.45 0.0546875 0.044444444444444446
0 0.0890625 0.43333333333333335 0.0640625 0.05277777777777778
0 0.9640625 0.5388888888888889 0.06875 0.06388888888888888
0 0.5796875 0.5055555555555555 0.05625 0.05
0 0.015625 0.575 0.0296875 0.04722222222222222
0 0.3203125 0.44166666666666665 0.0671875 0.058333333333333334
0 0.7046875 0.6194444444444445 0.0921875 0.07222222222222222
0 0.8703125 0.6916666666666667 0.0640625 0.05
0 0.0890625 0.5833333333333334 0.084375 0.058333333333333334
0 0.778125 0.4527777777777778 0.078125 0.05277777777777778
0 0.5828125 0.6194444444444445 0.065625 0.05
0 0.3 0.5888888888888889 0.0671875 0.05277777777777778
0 0.3734375 0.6083333333333333 0.0671875 0.05277777777777778
0 0.1734375 0.6722222222222223 0.0890625 0.05555555555555555
0 0.9703125 0.375 0.0375 0.10555555555555556
0 0.89375 0.6277777777777778 0.06875 0.05277777777777778
0 0.4796875 0.6055555555555555 0.075 0.05277777777777778
0 0.975 0.12777777777777777 0.0390625 0.08888888888888889
0 0.959375 0.016666666666666666 0.021875 0.03333333333333333
0 0.9890625 0.2833333333333333 0.021875 0.1