0 0.8078125 0.175 0.0421875 0.03888888888888889
0 0.6671875 0.7694444444444445 0.04375 0.06111111111111111
0 0.75 0.5722222222222222 0.0265625 0.06944444444444445
0 0.05625 0.7194444444444444 0.04375 0.041666666666666664
0 0.54375 0.17222222222222222 0.0359375 0.03333333333333333
0 0.665625 0.18055555555555555 0.0421875 0.041666666666666664
0 0.7046875 0.85 0.0234375 0.08333333333333333
0 0.628125 0.13055555555555556 0.040625 0.03888888888888889
0 0.39375 0.25555555555555554 0.025 0.075
0 0.128125 0.75 0.0484375 0.044444444444444446
0 0.1890625 0.6777777777777778 0.05 0.03888888888888889
0 0.959375 0.9861111111111112 0.025 0.025
0 0.4625 0.8472222222222222 0.0484375 0.05555555555555555
0 0.3796875 0.8 0.0484375 0.05
0 0.2640625 0.7277777777777777 0.0515625 0.041666666666666664
0 0.36875 0.7194444444444444 0.046875 0.044444444444444446
0 0.696875 0.9888888888888889 0.021875 0.022222222222222223
0 0.984375 0.5138888888888888 0.0296875 0.04722222222222222
0 0.759375 0.8555555555555555 0.0328125 0.11944444444444445
0 0.3859375 0.008333333333333333 0.0203125 0.016666666666666666
0 0.040625 0.7777777777777778 0.0515625 0.044444444444444446
0 0.084375 0.06111111111111111 0.05 0.044444444444444446
0 0.1125 0.5333333333333333 0.0515625 0.05555555555555555
0 0.221875 0.9916666666666667 0.0375 0.013888888888888888
0 0.45 0.7694444444444445 0.0578125 0.06388888888888888
0 0.7375 0.9777777777777777 0.0203125 0.044444444444444446
0 0.0078125 0.7444444444444445 0.0140625 0.03611111111111111