0 0.3890625 0.6027777777777777 0.078125 0.06944444444444445
0 0.4234375 0.49166666666666664 0.075 0.06388888888888888
0 0.29375 0.6055555555555555 0.0734375 0.06666666666666667
0 0.60625 0.23055555555555557 0.08125 0.06944444444444445
0 0.190625 0.10277777777777777 0.040625 0.12777777777777777
0 0.59375 0.5694444444444444 0.0671875 0.06111111111111111
0 0.7234375 0.5472222222222223 0.0921875 0.06944444444444445
0 0.4921875 0.5916666666666667 0.0796875 0.06388888888888888
0 0.53125 0.48055555555555557 0.0765625 0.06388888888888888
0 0.30625 0.5138888888888888 0.06875 0.06944444444444445
0 0.6453125 0.46111111111111114 0.084375 0.06666666666666667
0 0.7375 0.43333333333333335 0.0390625 0.075
0 0.884375 0.5361111111111111 0.1140625 0.06944444444444445