0 0.3046875 0.4083333333333333 0.0734375 0.06388888888888888
0 0.590625 0.39444444444444443 0.071875 0.06388888888888888
0 0.6890625 0.39444444444444443 0.0984375 0.06944444444444445
0 0.4109375 0.7555555555555555 0.08125 0.06944444444444445
0 0.49375 0.4 0.08125 0.06944444444444445
0 0.9515625 0.12777777777777777 0.06875 0.125
0 0.8625 0.375 0.0984375 0.06388888888888888
0 0.309375 0.7611111111111111 0.090625 0.07222222222222222
0 0.5953125 0.7527777777777778 0.071875 0.06388888888888888
0 0.95625 0.36944444444444446 0.08125 0.05555555555555555
0 0.7 0.75 0.0796875 0.06944444444444445
0 0.15 0.6972222222222222 0.090625 0.07777777777777778
0 0.9625 0.9555555555555556 0.0734375 0.07777777777777778
0 0.0984375 0.7722222222222223 0.090625 0.07222222222222222
0 0.5078125 0.6805555555555556 0.0921875 0.07222222222222222
0 0.803125 0.7444444444444445 0.0765625 0.06666666666666667
0 0.03125 0.4222222222222222 0.0609375 0.06666666666666667
0 0.1234375 0.4166666666666667 0.0703125 0.06111111111111111
0 0.9125 0.7388888888888889 0.075 0.06111111111111111
0 0.7705078125 0.21180555555555555 0.77734375 0.1996527777777778 0.779296875 0.17881944444444445 0.779296875 0.16145833333333334 0.775390625 0.109375 0.7705078125 0.10069444444444445 0.7587890625 0.10069444444444445 0.7509765625 0.1076388888888889 0.748046875 0.11284722222222222 0.744140625 0.1267361111111111 0.7421875 0.19618055555555555 0.744140625 0.203125 0.7490234375 0.21180555555555555 0.7705078125 0.21180555555555555
0 0.6337890625 0.19791666666666666 0.6728515625 0.1909722222222222 0.6806640625 0.1840277777777778 0.68359375 0.17881944444444445 0.68359375 0.1440972222222222 0.6787109375 0.13541666666666666 0.6220703125 0.1423611111111111 0.6123046875 0.14930555555555555 0.611328125 0.15104166666666666 0.611328125 0.1857638888888889 0.6142578125 0.19791666666666666 0.6337890625 0.19791666666666666