0 0.08125 0.38333333333333336 0.0921875 0.06111111111111111
0 0.66875 0.39166666666666666 0.0734375 0.058333333333333334
0 0.3890625 0.5416666666666666 0.08125 0.06666666666666667
0 0.6015625 0.49722222222222223 0.075 0.075
0 0.234375 0.3333333333333333 0.075 0.06388888888888888
0 0.409375 0.3888888888888889 0.0640625 0.05555555555555555
0 0.2546875 0.41388888888888886 0.075 0.06111111111111111
0 0.759375 0.38055555555555554 0.0796875 0.06111111111111111
0 0.584375 0.4 0.075 0.058333333333333334
0 0.503125 0.375 0.065625 0.05555555555555555
0 0.74375 0.11666666666666667 0.0390625 0.1111111111111111
0 0.9171875 0.425 0.0734375 0.05555555555555555
0 0.834375 0.8333333333333334 0.04375 0.13055555555555556
0 0.7671875 0.6916666666666667 0.05625 0.075
0 0.4953125 0.5083333333333333 0.0734375 0.05
0 0 0.9600694444444444 0.0009765625 0.9618055555555556 0.0107421875 0.9618055555555556 0.0263671875 0.9548611111111112 0.033203125 0.9427083333333334 0.037109375 0.9322916666666666 0.0390625 0.9253472222222222 0.0390625 0.9184027777777778 0.03125 0.8350694444444444 0.02734375 0.8177083333333334 0.0244140625 0.8125 0.0068359375 0.8125 0.0009765625 0.8159722222222222 0 0.8177083333333334 0 0.9600694444444444