0 0.3828125 0.5583333333333333 0.0609375 0.04722222222222222
0 0.0828125 0.5305555555555556 0.065625 0.05555555555555555
0 0.2765625 0.5583333333333333 0.078125 0.058333333333333334
0 0.1734375 0.5277777777777778 0.071875 0.05277777777777778
0 0.5734375 0.5777777777777777 0.0703125 0.05277777777777778
0 0.978125 0.11388888888888889 0.04375 0.04722222222222222
0 0.6515625 0.5888888888888889 0.05625 0.04722222222222222
0 0.4203125 0.7694444444444445 0.0640625 0.05
0 0.3515625 0.7638888888888888 0.05625 0.04722222222222222
0 0.465625 0.5638888888888889 0.05625 0.05277777777777778
0 0.303125 0.7055555555555556 0.0640625 0.06388888888888888
0 0.7484375 0.7 0.0640625 0.05277777777777778
0 0.609375 0.7611111111111111 0.065625 0.05277777777777778
0 0.9765625 0.19722222222222222 0.046875 0.06111111111111111