0 0.4296875 0.3861111111111111 0.103125 0.08055555555555556
0 0.253125 0.8361111111111111 0.1046875 0.08888888888888889
0 0.475 0.825 0.1015625 0.08611111111111111
0 0.6015625 0.8111111111111111 0.1 0.08333333333333333
0 0.575 0.375 0.0875 0.07777777777777778
0 0.7421875 0.8 0.090625 0.09166666666666666
0 0.490625 0.7111111111111111 0.0953125 0.08611111111111111
0 0.1265625 0.8472222222222222 0.0953125 0.07777777777777778
0 0.6921875 0.36944444444444446 0.1046875 0.08611111111111111
0 0.8640625 0.8027777777777778 0.1265625 0.08888888888888889
0 0.290625 0.4027777777777778 0.1328125 0.08611111111111111
0 0.1640625 0.4111111111111111 0.1015625 0.1
0 0.9046875 0.36944444444444446 0.14375 0.08888888888888889