0 0.4125 0.058333333333333334 0.0203125 0.06111111111111111
0 0.6546875 0.24722222222222223 0.0328125 0.044444444444444446
0 0.6953125 0.5694444444444444 0.025 0.06944444444444445
0 0.3640625 0.07777777777777778 0.03125 0.08611111111111111
0 0.30625 0.3277777777777778 0.0390625 0.05277777777777778
0 0.6609375 0.8861111111111111 0.025 0.06944444444444445
0 0.2875 0.6277777777777778 0.040625 0.041666666666666664
0 0.215625 0.6527777777777778 0.0421875 0.03888888888888889
0 0.3671875 0.20277777777777778 0.0515625 0.06666666666666667
0 0.053125 0.42777777777777776 0.0375 0.03611111111111111
0 0.68125 0.7138888888888889 0.0375 0.04722222222222222
0 0.2046875 0.6 0.0421875 0.03333333333333333
0 0.10625 0.5888888888888889 0.05 0.03333333333333333
0 0.1375 0.6333333333333333 0.04375 0.027777777777777776
0 0.4546875 0.7611111111111111 0.0390625 0.05555555555555555
0 0.05 0.6333333333333333 0.0421875 0.030555555555555555
0 0.34375 0.6972222222222222 0.0375 0.03888888888888889
0 0.7796875 0.5 0.0265625 0.06111111111111111
0 0.4359375 0.9444444444444444 0.0296875 0.08333333333333333
0 0.04375 0.025 0.025 0.04722222222222222
0 0.6015625 0.8666666666666667 0.0296875 0.09722222222222222
0 0.809375 0.325 0.0421875 0.041666666666666664