0 0.5546875 0.13055555555555556 0.0265625 0.10555555555555556
0 0.4703125 0.20555555555555555 0.0234375 0.1
0 0.5125 0.6888888888888889 0.0375 0.1
0 0.6796875 0.5277777777777778 0.0640625 0.05277777777777778
0 0.46875 0.10555555555555556 0.025 0.09166666666666666
0 0.2125 0.375 0.0546875 0.05277777777777778
0 0.06875 0.3861111111111111 0.059375 0.04722222222222222
0 0.471875 0.022222222222222223 0.0265625 0.044444444444444446
0 0.65625 0.38055555555555554 0.0578125 0.06666666666666667
0 0.2796875 0.37222222222222223 0.0578125 0.04722222222222222
0 0.446875 0.9722222222222222 0.025 0.05555555555555555
0 0.8421875 0.625 0.0625 0.05
0 0.4984375 0.8666666666666667 0.0265625 0.1
0 0.2359375 0.5222222222222223 0.05625 0.05
0 0.1 0.5222222222222223 0.059375 0.05
0 0.671875 0.6111111111111112 0.0609375 0.05277777777777778
0 0.5328125 0.8861111111111111 0.0265625 0.09444444444444444
0 0.7265625 0.39166666666666666 0.0515625 0.04722222222222222
0 0.175 0.5861111111111111 0.059375 0.04722222222222222
0 0.553125 0.03333333333333333 0.0265625 0.06666666666666667
0 0.978125 0.425 0.040625 0.041666666666666664
0 0.53125 0.9666666666666667 0.025 0.06111111111111111
0 0.4046875 0.3638888888888889 0.053125 0.04722222222222222
0 0.3453125 0.37222222222222223 0.0609375 0.05
0 0.0234375 0.4527777777777778 0.046875 0.044444444444444446
0 0.0109375 0.5944444444444444 0.0203125 0.04722222222222222
0 0.9609375 0.65 0.0625 0.05555555555555555
0 0.778125 0.6222222222222222 0.065625 0.04722222222222222
0 0.45 0.8777777777777778 0.0203125 0.08055555555555556
0 0.0078125 0.5305555555555556 0.0140625 0.044444444444444446