0 0.2765625 0.33055555555555555 0.0796875 0.06944444444444445
0 0.303125 0.5305555555555556 0.084375 0.06944444444444445
0 0.0625 0.4111111111111111 0.078125 0.06666666666666667
0 0.253125 0.41944444444444445 0.0765625 0.06111111111111111
0 0.1640625 0.425 0.0671875 0.06111111111111111
0 0.0859375 0.325 0.071875 0.06111111111111111
0 0.3796875 0.3277777777777778 0.0671875 0.058333333333333334
0 0.434375 0.5222222222222223 0.08125 0.06944444444444445
0 0.8578125 0.34444444444444444 0.0890625 0.06111111111111111
0 0.6390625 0.33611111111111114 0.0890625 0.06666666666666667
0 0.54375 0.5194444444444445 0.0796875 0.06388888888888888
0 0.7328125 0.3416666666666667 0.0875 0.06666666666666667
0 0.1734375 0.5305555555555556 0.071875 0.06666666666666667
0 0.484375 0.41388888888888886 0.0765625 0.06388888888888888
0 0.0515625 0.5194444444444445 0.096875 0.06944444444444445
0 0.975 0.44166666666666665 0.0484375 0.075
0 0.3734375 0.42777777777777776 0.078125 0.06388888888888888
0 0.2109375 0.625 0.0796875 0.06388888888888888
0 0.0109375 0.6111111111111112 0.021875 0.058333333333333334
0 0.534375 0.3333333333333333 0.0703125 0.06111111111111111
0 0.103125 0.6194444444444445 0.0953125 0.06666666666666667
0 0.628125 0.44166666666666665 0.071875 0.06111111111111111
0 0.659375 0.525 0.0859375 0.07222222222222222
0 0.9578125 0.35 0.08125 0.06111111111111111
0 0.7953125 0.6388888888888888 0.08125 0.06388888888888888
0 0.88125 0.5666666666666667 0.0921875 0.07222222222222222
0 0.7125 0.6277777777777778 0.08125 0.075
0 0.81875 0.1111111111111111 0.0421875 0.15555555555555556
0 0.778125 0.5472222222222223 0.096875 0.09166666666666666
0 0.38125 0.6277777777777778 0.0859375 0.06388888888888888
0 0.8953125 0.6472222222222223 0.0953125 0.058333333333333334
0 0.971875 0.6416666666666667 0.0546875 0.06666666666666667
0 0.0078125 0.325 0.0140625 0.06111111111111111