0 0.8390625 0.2861111111111111 0.046875 0.14722222222222223
0 0.8671875 0.9277777777777778 0.0515625 0.14444444444444443
0 0.8546875 0.7277777777777777 0.0453125 0.14722222222222223
0 0.790625 0.9027777777777778 0.0515625 0.14166666666666666
0 0.8359375 0.10833333333333334 0.0484375 0.1527777777777778
0 0.453125 0.7472222222222222 0.0890625 0.06944444444444445
0 0.34375 0.7583333333333333 0.0953125 0.075
0 0.4421875 0.5138888888888888 0.0859375 0.06666666666666667
0 0.1015625 0.7944444444444444 0.096875 0.075
0 0.1142578125 0.5833333333333334 0.1357421875 0.5833333333333334 0.1904296875 0.5729166666666666 0.2060546875 0.5659722222222222 0.2109375 0.5572916666666666 0.2109375 0.5225694444444444 0.208984375 0.515625 0.2041015625 0.5069444444444444 0.2001953125 0.5034722222222222 0.1904296875 0.5 0.1162109375 0.5173611111111112 0.1103515625 0.5208333333333334 0.107421875 0.5260416666666666 0.10546875 0.5329861111111112 0.10546875 0.5642361111111112 0.107421875 0.5711805555555556 0.1142578125 0.5833333333333334
0 0.2236328125 0.5590277777777778 0.2451171875 0.5625 0.2958984375 0.5555555555555556 0.3017578125 0.5520833333333334 0.306640625 0.5399305555555556 0.306640625 0.5121527777777778 0.3017578125 0.4965277777777778 0.2939453125 0.4930555555555556 0.2646484375 0.4965277777777778 0.2216796875 0.5069444444444444 0.21875 0.5121527777777778 0.21875 0.5225694444444444 0.220703125 0.5538194444444444 0.2236328125 0.5590277777777778
0 0 0.8454861111111112 0.0009765625 0.8472222222222222 0.0048828125 0.8472222222222222 0.0205078125 0.8402777777777778 0.0283203125 0.8333333333333334 0.03125 0.828125 0.033203125 0.8142361111111112 0.03125 0.7934027777777778 0.029296875 0.7864583333333334 0.0244140625 0.78125 0.0107421875 0.7777777777777778 0.0009765625 0.7777777777777778 0 0.7795138888888888 0 0.8454861111111112