0 0.371875 0.425 0.0515625 0.1111111111111111
0 0.190625 0.9472222222222222 0.0625 0.10277777777777777
0 0.140625 0.6722222222222223 0.0671875 0.075
0 0.7734375 0.8194444444444444 0.0796875 0.1111111111111111
0 0.2765625 0.6777777777777778 0.075 0.06666666666666667
0 0.5328125 0.6027777777777777 0.0765625 0.07222222222222222
0 0.5 0.28888888888888886 0.03125 0.08888888888888889
0 0.9515625 0.8277777777777777 0.096875 0.17777777777777778
0 0.440625 0.30277777777777776 0.04375 0.11666666666666667
0 0.503125 0.18055555555555555 0.028125 0.08611111111111111
0 0.4953125 0.3861111111111111 0.028125 0.1
0 0.865625 0.13333333333333333 0.040625 0.09722222222222222
0 0.4640625 0.6722222222222223 0.059375 0.05277777777777778
0 0.3828125 0.575 0.071875 0.06666666666666667
0 0.646875 0.725 0.090625 0.10277777777777777
0 0.9078125 0.06944444444444445 0.05625 0.10833333333333334
0 0.0171875 0.14722222222222223 0.0328125 0.06111111111111111
0 0.746875 0.34444444444444444 0.1203125 0.28888888888888886
0 0.44375 0.15 0.03125 0.1
0 0.5125 0.06666666666666667 0.028125 0.11388888888888889