0 0.2890625 0.8583333333333333 0.0234375 0.08055555555555556
0 0.66875 0.5638888888888889 0.021875 0.07777777777777778
0 0.0484375 0.4027777777777778 0.0484375 0.05277777777777778
0 0.15 0.475 0.0390625 0.058333333333333334
0 0.1609375 0.41944444444444445 0.0359375 0.05555555555555555
0 0.3734375 0.3888888888888889 0.0484375 0.08333333333333333
0 0.84375 0.6083333333333333 0.040625 0.058333333333333334
0 0.615625 0.28055555555555556 0.0515625 0.03611111111111111
0 0.109375 0.48333333333333334 0.0453125 0.06111111111111111
0 0.2078125 0.4861111111111111 0.0375 0.06111111111111111
0 0.253125 0.5694444444444444 0.05 0.08055555555555556
0 0.4765625 0.29444444444444445 0.053125 0.044444444444444446
0 0.4703125 0.18611111111111112 0.04375 0.041666666666666664
0 0.9109375 0.022222222222222223 0.0421875 0.041666666666666664
0 0.065625 0.3194444444444444 0.0328125 0.044444444444444446