0 0.3296875 0.6444444444444445 0.0671875 0.05277777777777778
0 0.2328125 0.65 0.065625 0.058333333333333334
0 0.55625 0.17222222222222222 0.0265625 0.08888888888888889
0 0.653125 0.022222222222222223 0.0265625 0.044444444444444446
0 0.596875 0.8916666666666667 0.0359375 0.13055555555555556
0 0.121875 0.6694444444444444 0.071875 0.05277777777777778
0 0.0875 0.7583333333333333 0.128125 0.06666666666666667
0 0.3015625 0.7333333333333333 0.0640625 0.05277777777777778
0 0.0421875 0.6805555555555556 0.065625 0.05
0 0.015625 0.4888888888888889 0.03125 0.04722222222222222
0 0.2171875 0.7333333333333333 0.0421875 0.05555555555555555