0 0.0640625 0.2361111111111111 0.0890625 0.06111111111111111
0 0.4765625 0.5138888888888888 0.0796875 0.06666666666666667
0 0.1203125 0.06388888888888888 0.0625 0.06388888888888888
0 0.0359375 0.3055555555555556 0.06875 0.06666666666666667
0 0.3984375 0.35555555555555557 0.0765625 0.06111111111111111
0 0.35625 0.5166666666666667 0.078125 0.06111111111111111
0 0.2734375 0.625 0.09375 0.06388888888888888
0 0.1703125 0.6277777777777778 0.078125 0.058333333333333334
0 0.4671875 0.041666666666666664 0.065625 0.058333333333333334
0 0.1390625 0.36666666666666664 0.06875 0.058333333333333334
0 0.521875 0.35555555555555557 0.0890625 0.06666666666666667