0 0.8609375 0.24166666666666667 0.0484375 0.10833333333333334
0 0.846875 0.4027777777777778 0.059375 0.07777777777777778
0 0.765625 0.5888888888888889 0.034375 0.1111111111111111
0 0.3875 0.4111111111111111 0.065625 0.075
0 0.5484375 0.4166666666666667 0.0640625 0.075
0 0.2515625 0.3333333333333333 0.0703125 0.08055555555555556
0 0.8375 0.5916666666666667 0.053125 0.15555555555555556
0 0.2640625 0.5277777777777778 0.05625 0.075
0 0.7671875 0.3888888888888889 0.05 0.07222222222222222
0 0.7296875 0.95 0.0296875 0.1
0 0.3046875 0.4388888888888889 0.078125 0.08888888888888889
0 0.4921875 0.4527777777777778 0.075 0.08611111111111111
0 0.1390625 0.44166666666666665 0.075 0.06388888888888888
0 0.0984375 0.25277777777777777 0.0609375 0.05555555555555555
0 0.6328125 0.4527777777777778 0.0515625 0.04722222222222222
0 0.3296875 0.6194444444444445 0.0625 0.1
0 0.7953125 0.7444444444444445 0.0359375 0.11388888888888889
0 0.7390625 0.8111111111111111 0.0359375 0.1361111111111111
0 0.184375 0.19166666666666668 0.0640625 0.058333333333333334
0 0.209375 0.9333333333333333 0.0375 0.08888888888888889
0 0.171875 0.9027777777777778 0.03125 0.075
0 0.7859375 0.9388888888888889 0.0359375 0.11666666666666667