0 0.0875 0.5527777777777778 0.103125 0.08055555555555556
0 0.146875 0.4027777777777778 0.08125 0.058333333333333334
0 0.0640625 0.6166666666666667 0.103125 0.08888888888888889
0 0.3921875 0.7055555555555556 0.103125 0.08888888888888889
0 0.6875 0.2722222222222222 0.0609375 0.05555555555555555
0 0.615625 0.4222222222222222 0.084375 0.07222222222222222
0 0.421875 0.4638888888888889 0.075 0.06666666666666667
0 0.425 0.15833333333333333 0.0359375 0.04722222222222222
0 0.759375 0.7333333333333333 0.0875 0.08333333333333333
0 0.6359375 0.6472222222222223 0.096875 0.07777777777777778
0 0.1890625 0.175 0.0375 0.05555555555555555
0 0.653125 0.7305555555555555 0.0796875 0.09444444444444444
0 0.68125 0.2388888888888889 0.0625 0.041666666666666664
0 0.71875 0.4722222222222222 0.090625 0.06944444444444445
0 0.4265625 0.41388888888888886 0.0765625 0.06388888888888888
0 0.0703125 0.19444444444444445 0.0375 0.058333333333333334
0 0.45 0.25833333333333336 0.0640625 0.06111111111111111
0 0.4078125 0.5722222222222222 0.084375 0.075
0 0.6140625 0.3416666666666667 0.071875 0.06388888888888888
0 0.7375 0.5888888888888889 0.09375 0.06944444444444445
0 0.0296875 0.49722222222222223 0.0578125 0.07222222222222222
0 0.73125 0.5305555555555556 0.0890625 0.06944444444444445
0 0.2453125 0.7111111111111111 0.0390625 0.075
0 0.0625 0.4 0.071875 0.06111111111111111
0 0.5796875 0.14722222222222223 0.05 0.058333333333333334
0 0.10625 0.4888888888888889 0.078125 0.06666666666666667
0 0.9859375 0.8472222222222222 0.028125 0.1
0 0.9046875 0.4444444444444444 0.0703125 0.07222222222222222
0 0.403125 0.6333333333333333 0.0828125 0.07222222222222222
0 0.315625 0.5083333333333333 0.0859375 0.07777777777777778
0 0.9796875 0.7333333333333333 0.040625 0.10277777777777777
0 0.5390625 0.15 0.0484375 0.05555555555555555
0 0.434375 0.36666666666666664 0.075 0.06111111111111111
0 0.6875 0.1388888888888889 0.053125 0.05555555555555555
0 0.465625 0.15555555555555556 0.0484375 0.06111111111111111
0 0.5 0.15555555555555556 0.04375 0.058333333333333334
0 0.1984375 0.2833333333333333 0.0640625 0.05277777777777778
0 0.8578125 0.2972222222222222 0.05625 0.058333333333333334
0 0.1140625 0.28055555555555556 0.0859375 0.06388888888888888
0 0.875 0.34444444444444444 0.0625 0.06666666666666667
0 0.365625 0.25277777777777777 0.08125 0.06111111111111111
0 0.290625 0.6277777777777778 0.09375 0.08611111111111111
0 0.921875 0.5055555555555555 0.0828125 0.08888888888888889
0 0.609375 0.2638888888888889 0.0640625 0.044444444444444446
0 0.0375 0.4444444444444444 0.0734375 0.06388888888888888
0 0.725 0.1361111111111111 0.0484375 0.05555555555555555
0 0.9453125 0.5694444444444444 0.08125 0.08888888888888889
0 0.7125 0.425 0.0828125 0.05555555555555555
0 0.9609375 0.6416666666666667 0.0765625 0.1111111111111111
0 0.6109375 0.3 0.071875 0.05277777777777778
0 0.6046875 0.23055555555555557 0.06875 0.05
0 0.7453125 0.6527777777777778 0.0921875 0.08611111111111111
0 0.84375 0.25555555555555554 0.05 0.05277777777777778
0 0.178125 0.31666666666666665 0.0734375 0.06666666666666667
0 0.6296875 0.5194444444444445 0.0859375 0.08611111111111111
0 0.8296875 0.21944444444444444 0.0609375 0.058333333333333334
0 0.4453125 0.3277777777777778 0.0390625 0.044444444444444446
0 0.3484375 0.1638888888888889 0.04375 0.05555555555555555
0 0.0078125 0.6833333333333333 0.015625 0.08611111111111111