0 0.1453125 0.5361111111111111 0.0828125 0.06944444444444445
0 0.8609375 0.4361111111111111 0.0671875 0.04722222222222222
0 0.9671875 0.4305555555555556 0.0640625 0.06666666666666667
0 0.5609375 0.44722222222222224 0.065625 0.05277777777777778
0 0.7703125 0.4388888888888889 0.065625 0.04722222222222222
0 0.284375 0.4777777777777778 0.08125 0.06111111111111111
0 0.4421875 0.4722222222222222 0.0734375 0.05
0 0.6703125 0.42777777777777776 0.0640625 0.05277777777777778
0 0.2763671875 0.9861111111111112 0.3212890625 0.9791666666666666 0.3310546875 0.9756944444444444 0.3359375 0.9635416666666666 0.3359375 0.9461805555555556 0.333984375 0.9357638888888888 0.33203125 0.9288194444444444 0.3251953125 0.9201388888888888 0.2666015625 0.9270833333333334 0.2587890625 0.9305555555555556 0.255859375 0.9357638888888888 0.255859375 0.984375 0.2568359375 0.9861111111111112 0.2763671875 0.9861111111111112
0 0.2763671875 0.9201388888888888 0.3369140625 0.9131944444444444 0.3408203125 0.9097222222222222 0.345703125 0.8975694444444444 0.34375 0.8628472222222222 0.3388671875 0.8541666666666666 0.3212890625 0.8541666666666666 0.2744140625 0.8611111111111112 0.26953125 0.8697916666666666 0.26953125 0.9079861111111112 0.271484375 0.9149305555555556 0.2763671875 0.9201388888888888
0 0.1923828125 0.96875 0.1982421875 0.9652777777777778 0.2509765625 0.9166666666666666 0.25390625 0.9079861111111112 0.25390625 0.9010416666666666 0.248046875 0.8802083333333334 0.2451171875 0.875 0.2373046875 0.875 0.1923828125 0.9166666666666666 0.1845703125 0.9270833333333334 0.181640625 0.9322916666666666 0.181640625 0.9461805555555556 0.18359375 0.953125 0.1923828125 0.96875
0 0.1533203125 1 0.16015625 0.984375 0.16796875 0.953125 0.1796875 0.8975694444444444 0.177734375 0.890625 0.1728515625 0.8819444444444444 0.1689453125 0.8784722222222222 0.1552734375 0.8784722222222222 0.1484375 0.890625 0.1328125 0.953125 0.130859375 0.9635416666666666 0.130859375 0.984375 0.1416015625 0.9965277777777778 0.1474609375 1 0.1533203125 1
0 0.3955078125 0.9097222222222222 0.4443359375 0.9027777777777778 0.447265625 0.8975694444444444 0.447265625 0.8524305555555556 0.4462890625 0.8506944444444444 0.3701171875 0.8541666666666666 0.369140625 0.8559027777777778 0.369140625 0.9010416666666666 0.3720703125 0.9097222222222222 0.3955078125 0.9097222222222222
0 0.4443359375 0.9652777777777778 0.4677734375 0.9583333333333334 0.4716796875 0.9548611111111112 0.474609375 0.9461805555555556 0.47265625 0.921875 0.4697265625 0.9131944444444444 0.4443359375 0.9131944444444444 0.4033203125 0.9201388888888888 0.400390625 0.9253472222222222 0.400390625 0.9600694444444444 0.4052734375 0.96875 0.4443359375 0.9652777777777778
0 0.6064453125 0.8854166666666666 0.6171875 0.8802083333333334 0.6171875 0.8315972222222222 0.6123046875 0.8229166666666666 0.5966796875 0.8229166666666666 0.5439453125 0.8298611111111112 0.54296875 0.8315972222222222 0.541015625 0.8385416666666666 0.54296875 0.8871527777777778 0.5478515625 0.8923611111111112 0.6064453125 0.8854166666666666
0 0.5712890625 0.9513888888888888 0.6162109375 0.9444444444444444 0.6171875 0.9427083333333334 0.6171875 0.9079861111111112 0.6123046875 0.8993055555555556 0.5556640625 0.9097222222222222 0.5546875 0.9114583333333334 0.5546875 0.9461805555555556 0.5576171875 0.9513888888888888 0.5712890625 0.9513888888888888