0 0.2140625 0.9444444444444444 0.08125 0.10833333333333334
0 0.459375 0.08888888888888889 0.0296875 0.08055555555555556
0 0.3796875 0.39444444444444443 0.05 0.10833333333333334
0 0.434375 0.5194444444444445 0.0453125 0.11944444444444445
0 0.040625 0.8611111111111112 0.0796875 0.09444444444444444
0 0.4859375 0.7527777777777778 0.0640625 0.058333333333333334
0 0.7875 0.23333333333333334 0.0421875 0.08611111111111111
0 0.2828125 0.7388888888888889 0.078125 0.08333333333333333
0 0.734375 0.044444444444444446 0.04375 0.08888888888888889
0 0.478125 0.3111111111111111 0.040625 0.12777777777777777
0 0.834375 0.3888888888888889 0.0484375 0.1
0 0.875 0.1361111111111111 0.04375 0.10555555555555556
0 0.8140625 0.9861111111111112 0.0375 0.025
0 0.9171875 0.06388888888888888 0.0609375 0.11666666666666667