0 0.1234375 0.12222222222222222 0.046875 0.058333333333333334
0 0.7296875 0.1388888888888889 0.040625 0.05277777777777778
0 0.79375 0.05 0.028125 0.04722222222222222
0 0.646875 0.19722222222222222 0.0484375 0.04722222222222222
0 0.0625 0.4083333333333333 0.059375 0.05
0 0.3515625 0.019444444444444445 0.0375 0.03888888888888889
0 0.7125 0.5527777777777778 0.0640625 0.07222222222222222
0 0.4046875 0.21666666666666667 0.0484375 0.041666666666666664
0 0.9515625 0.14166666666666666 0.059375 0.05
0 0.10625 0.9333333333333333 0.0703125 0.13055555555555556
0 0.76875 0.2111111111111111 0.06875 0.07777777777777778
0 0.6078125 0.5027777777777778 0.05625 0.058333333333333334
0 0.3125 0.15 0.034375 0.05277777777777778
0 0.8671875 0.025 0.0234375 0.05
0 0.340625 0.2 0.05 0.058333333333333334
0 0.1421875 0.95 0.0640625 0.09444444444444444
0 0.1578125 0.7916666666666666 0.0546875 0.12222222222222222
0 0.4828125 0.4111111111111111 0.0578125 0.05277777777777778
0 0.18125 0.9666666666666667 0.0578125 0.06666666666666667
0 0.484375 0.4666666666666667 0.0671875 0.05555555555555555
0 0.753125 0.5222222222222223 0.05625 0.06111111111111111
0 0.3171875 0.08333333333333333 0.025 0.05555555555555555
0 0.7265625 0.6333333333333333 0.0765625 0.09444444444444444
0 0.8515625 0.7388888888888889 0.06875 0.09444444444444444
0 0.253125 0.8194444444444444 0.071875 0.1388888888888889
0 0.215625 0.7888888888888889 0.0578125 0.10555555555555556
0 0.0171875 0.7694444444444445 0.034375 0.09722222222222222
0 0.81875 0.008333333333333333 0.01875 0.013888888888888888
0 0.546875 0.2361111111111111 0.0234375 0.05555555555555555
0 0.4265625 0.019444444444444445 0.05 0.03888888888888889
0 0.4578125 0.008333333333333333 0.04375 0.013888888888888888