0 0.5078125 0.2388888888888889 0.046875 0.08055555555555556
0 0.5375 0.08055555555555556 0.0296875 0.05555555555555555
0 0.7890625 0.2833333333333333 0.0953125 0.07222222222222222
0 0.41875 0.05555555555555555 0.021875 0.05
0 0.596875 0.9138888888888889 0.075 0.16666666666666666
0 0.4625 0.04722222222222222 0.0265625 0.058333333333333334
0 0.365625 0.9555555555555556 0.065625 0.08333333333333333
0 0.7 0.030555555555555555 0.0328125 0.04722222222222222
0 0.4609375 0.011111111111111112 0.021875 0.022222222222222223
0 0.196875 0.5 0.1234375 0.1
0 0.6546875 0.2361111111111111 0.09375 0.07222222222222222
0 0.2796875 0.4 0.059375 0.10555555555555556