0 0.91875 0.37222222222222223 0.103125 0.08333333333333333
0 0.8515625 0.8 0.1046875 0.08333333333333333
0 0.853125 0.08611111111111111 0.1 0.075
0 0.19375 0.7611111111111111 0.10625 0.07777777777777778
0 0.05625 0.8333333333333334 0.1109375 0.08888888888888889
0 0.9703125 0.8111111111111111 0.05625 0.08888888888888889
0 0.05 0.4027777777777778 0.0921875 0.06666666666666667
0 0.5671875 0.8111111111111111 0.103125 0.08333333333333333
0 0.1625 0.4 0.1 0.08333333333333333
0 0.271875 0.39166666666666666 0.084375 0.075
0 0.434375 0.8222222222222222 0.125 0.09166666666666666
0 0.290625 0.8333333333333334 0.090625 0.08055555555555556
0 0.6748046875 0.4097222222222222 0.6806640625 0.4131944444444444 0.7587890625 0.4027777777777778 0.765625 0.390625 0.767578125 0.3767361111111111 0.765625 0.3385416666666667 0.7607421875 0.3298611111111111 0.7568359375 0.3263888888888889 0.6787109375 0.3298611111111111 0.66796875 0.3385416666666667 0.666015625 0.3454861111111111 0.666015625 0.390625 0.66796875 0.3975694444444444 0.6748046875 0.4097222222222222
0 0.4873046875 0.18055555555555555 0.5419921875 0.1736111111111111 0.544921875 0.1684027777777778 0.546875 0.1579861111111111 0.546875 0.11631944444444445 0.5400390625 0.1076388888888889 0.5087890625 0.1076388888888889 0.4853515625 0.1111111111111111 0.4736328125 0.11458333333333333 0.4658203125 0.12152777777777778 0.45703125 0.1371527777777778 0.45703125 0.16145833333333334 0.4677734375 0.18055555555555555 0.4873046875 0.18055555555555555
0 0.6123046875 0.1701388888888889 0.6220703125 0.1736111111111111 0.6376953125 0.1736111111111111 0.6416015625 0.1701388888888889 0.646484375 0.1579861111111111 0.6484375 0.10590277777777778 0.6484375 0.026041666666666668 0.6455078125 0.020833333333333332 0.6220703125 0.020833333333333332 0.6162109375 0.024305555555555556 0.611328125 0.03993055555555555 0.607421875 0.14756944444444445 0.607421875 0.1545138888888889 0.609375 0.16493055555555555 0.6123046875 0.1701388888888889