0 0.465625 0.24166666666666667 0.065625 0.058333333333333334
0 0.63125 0.3277777777777778 0.0671875 0.05555555555555555
0 0.53125 0.32222222222222224 0.059375 0.05277777777777778
0 0.428125 0.3333333333333333 0.06875 0.058333333333333334
0 0.6390625 0.24166666666666667 0.071875 0.058333333333333334
0 0.33125 0.3388888888888889 0.06875 0.05277777777777778
0 0.5515625 0.24722222222222223 0.0734375 0.05555555555555555
0 0.8171875 0.2222222222222222 0.0734375 0.05555555555555555
0 0.7328125 0.23333333333333334 0.0609375 0.05277777777777778
0 0.3734375 0.24444444444444444 0.0671875 0.05277777777777778
0 0.940625 0.30277777777777776 0.084375 0.05277777777777778
0 0.91875 0.23333333333333334 0.0625 0.05
0 0.7234375 0.525 0.0609375 0.05
0 0.73125 0.31666666666666665 0.065625 0.05555555555555555
0 0.2296875 0.33611111111111114 0.0671875 0.058333333333333334
0 0.8328125 0.30833333333333335 0.0875 0.06111111111111111
0 0.2625 0.24722222222222223 0.071875 0.05555555555555555
0 0.528125 0.5305555555555556 0.08125 0.05277777777777778
0 0.6203125 0.5277777777777778 0.05625 0.044444444444444446
0 0.246875 0.5416666666666666 0.0640625 0.05
0 0.990625 0.21388888888888888 0.01875 0.05555555555555555