0 0.846875 0.6027777777777777 0.0828125 0.06944444444444445
0 0.753125 0.5305555555555556 0.0796875 0.06111111111111111
0 0.7890625 0.2361111111111111 0.065625 0.05555555555555555
0 0.9640625 0.18888888888888888 0.0703125 0.06666666666666667
0 0.7875 0.16666666666666666 0.0703125 0.058333333333333334
0 0.9078125 0.1111111111111111 0.0375 0.11388888888888889
0 0.8734375 0.10833333333333334 0.0328125 0.10833333333333334
0 0.8 0.37777777777777777 0.0625 0.041666666666666664
0 0.8 0.3055555555555556 0.0765625 0.06388888888888888
0 0.925 0.32222222222222224 0.075 0.058333333333333334
0 0.6609375 0.5333333333333333 0.0625 0.05555555555555555
0 0.9625 0.25277777777777777 0.0734375 0.06666666666666667
0 0.4345703125 0.5833333333333334 0.4443359375 0.5798611111111112 0.44921875 0.5711805555555556 0.451171875 0.5572916666666666 0.44921875 0.5399305555555556 0.4443359375 0.53125 0.4365234375 0.5243055555555556 0.3818359375 0.5277777777777778 0.3564453125 0.53125 0.35546875 0.5329861111111112 0.353515625 0.5399305555555556 0.353515625 0.578125 0.3603515625 0.5868055555555556 0.4345703125 0.5833333333333334
0 0.9453125 0.8871527777777778 0.9482421875 0.8923611111111112 0.9541015625 0.8923611111111112 0.9638671875 0.8854166666666666 0.96875 0.8767361111111112 0.96875 0.8524305555555556 0.966796875 0.8350694444444444 0.951171875 0.7725694444444444 0.9423828125 0.7569444444444444 0.9287109375 0.7569444444444444 0.9150390625 0.7673611111111112 0.912109375 0.7725694444444444 0.91015625 0.7795138888888888 0.91015625 0.7864583333333334 0.923828125 0.8350694444444444 0.9453125 0.8871527777777778