0 0.184375 0.2638888888888889 0.0578125 0.05277777777777778
0 0.296875 0.45555555555555555 0.059375 0.05
0 0.9625 0.475 0.0578125 0.06111111111111111
0 0.4421875 0.4444444444444444 0.059375 0.04722222222222222
0 0.9875 0.041666666666666664 0.025 0.058333333333333334
0 0.1375 0.5944444444444444 0.0671875 0.04722222222222222
0 0.809375 0.43333333333333335 0.0515625 0.04722222222222222
0 0.553125 0.43333333333333335 0.071875 0.058333333333333334
0 0.678125 0.41944444444444445 0.0578125 0.044444444444444446
0 0.853125 0.5055555555555555 0.05625 0.05277777777777778
0 0.5859375 0.9333333333333333 0.0453125 0.13055555555555556
0 0.884375 0.45 0.059375 0.05555555555555555
0 0.84375 0.5638888888888889 0.0609375 0.05555555555555555
0 0.0578125 0.48333333333333334 0.046875 0.058333333333333334
0 0.54375 0.9111111111111111 0.040625 0.10833333333333334
0 0.4953125 0.9277777777777778 0.0296875 0.11666666666666667
0 0.35 0.9388888888888889 0.0359375 0.11666666666666667
0 0.4912109375 0.5243055555555556 0.494140625 0.5190972222222222 0.494140625 0.4947916666666667 0.4892578125 0.4826388888888889 0.4423828125 0.4861111111111111 0.44140625 0.4878472222222222 0.44140625 0.5225694444444444 0.4482421875 0.53125 0.4912109375 0.5243055555555556