0 0.5625 0.5833333333333334 0.0640625 0.11388888888888889
0 0.296875 0.7722222222222223 0.0734375 0.058333333333333334
0 0.6734375 0.7138888888888889 0.075 0.07777777777777778
0 0.090625 0.8 0.0703125 0.05555555555555555
0 0.85 0.4583333333333333 0.0796875 0.06388888888888888
0 0.9640625 0.49444444444444446 0.0703125 0.06388888888888888
0 0.4390625 0.4166666666666667 0.03125 0.125
0 0.5359375 0.9611111111111111 0.028125 0.07222222222222222
0 0.028125 0.7166666666666667 0.0546875 0.08055555555555556
0 0.11875 0.7055555555555556 0.0609375 0.05
0 0.7265625 0.4444444444444444 0.0765625 0.06111111111111111
0 0.1953125 0.6833333333333333 0.0703125 0.05555555555555555
0 0.1875 0.7805555555555556 0.08125 0.05555555555555555
0 0.978125 0.5833333333333334 0.0421875 0.05
0 0.28125 0.675 0.071875 0.058333333333333334
0 0.0171875 0.8083333333333333 0.0328125 0.05555555555555555
0 0.8703125 0.5611111111111111 0.0953125 0.06944444444444445
0 0.059375 0.32222222222222224 0.0515625 0.05277777777777778
0 0.7296875 0.5388888888888889 0.0875 0.06111111111111111
0 0.6806640625 0 0.6796875 0.001736111111111111 0.6796875 0.026041666666666668 0.6845703125 0.03819444444444445 0.6982421875 0.041666666666666664 0.705078125 0.036458333333333336 0.70703125 0.029513888888888888 0.70703125 0.001736111111111111 0.7060546875 0 0.6806640625 0