0 0.9453125 0.11666666666666667 0.0796875 0.14722222222222223
0 0.3484375 0.5 0.09375 0.08333333333333333
0 0.40625 0.22777777777777777 0.09375 0.08611111111111111
0 0.5484375 0.225 0.090625 0.06666666666666667
0 0.26875 0.6388888888888888 0.096875 0.08611111111111111
0 0.9796875 0.3138888888888889 0.0390625 0.06944444444444445
0 0.0578125 0.09166666666666666 0.046875 0.15833333333333333
0 0.146875 0.18888888888888888 0.0484375 0.14722222222222223
0 0.246875 0.4888888888888889 0.08125 0.125
0 0.7671875 0.5138888888888888 0.1 0.06944444444444445
0 0.1234375 0.5638888888888889 0.0796875 0.06944444444444445
0 0.56875 0.5138888888888888 0.09375 0.075
0 0.4921875 0.6333333333333333 0.0921875 0.075