0 0.6015625 0.5888888888888889 0.0796875 0.09166666666666666
0 0.503125 0.5833333333333334 0.0796875 0.08055555555555556
0 0.84375 0.48333333333333334 0.08125 0.08055555555555556
0 0.028125 0.5777777777777777 0.05625 0.08333333333333333
0 0.984375 0.41388888888888886 0.028125 0.07777777777777778
0 0.925 0.8666666666666667 0.0296875 0.15555555555555556
0 0.7203125 0.6166666666666667 0.0796875 0.10833333333333334
0 0.18125 0.5805555555555556 0.0875 0.08333333333333333
0 0.375 0.5722222222222222 0.0796875 0.08055555555555556
0 0.1953125 0.3861111111111111 0.0859375 0.075
0 0.8875 0.7333333333333333 0.05 0.1527777777777778
0 0.821875 0.825 0.0703125 0.06388888888888888
0 0.81875 0.9027777777777778 0.0734375 0.06388888888888888
0 0.8203125 0.9722222222222222 0.0828125 0.05277777777777778
0 0.01875 0.39166666666666666 0.0375 0.06944444444444445