0 0.371875 0.9 0.0875 0.075
0 0.690625 0.8777777777777778 0.071875 0.06666666666666667
0 0.6765625 0.7638888888888888 0.0703125 0.11944444444444445
0 0.359375 0.5222222222222223 0.08125 0.06111111111111111
0 0.8921875 0.8666666666666667 0.0734375 0.06388888888888888
0 0.1625 0.9222222222222223 0.084375 0.06666666666666667
0 0.7921875 0.8694444444444445 0.0890625 0.07777777777777778
0 0.8140625 0.5166666666666667 0.084375 0.05555555555555555
0 0.971875 0.8694444444444445 0.0546875 0.06388888888888888
0 0.909375 0.5194444444444445 0.0828125 0.06666666666666667
0 0.040625 0.9472222222222222 0.0796875 0.07777777777777778
0 0.590625 0.8861111111111111 0.0796875 0.07222222222222222
0 0.5796875 0.31666666666666665 0.109375 0.08333333333333333