0 0.728125 0.6944444444444444 0.0390625 0.06111111111111111
0 0.478125 0.3416666666666667 0.0375 0.06111111111111111
0 0.0546875 0.3111111111111111 0.0453125 0.03611111111111111
0 0.1390625 0.3861111111111111 0.04375 0.041666666666666664
0 0.3234375 0.16944444444444445 0.0328125 0.030555555555555555
0 0.0125 0.6472222222222223 0.025 0.06388888888888888
0 0.65625 0.025 0.0203125 0.04722222222222222
0 0.9421875 0.4027777777777778 0.0359375 0.05277777777777778
0 0.8125 0.5555555555555556 0.0390625 0.06388888888888888
0 0.3390625 0.5888888888888889 0.0375 0.06111111111111111
0 0.1703125 0.35 0.0421875 0.041666666666666664
0 0.9015625 0.20277777777777778 0.0421875 0.044444444444444446
0 0.24375 0.46111111111111114 0.0421875 0.05555555555555555
0 0.0671875 0.8222222222222222 0.0296875 0.07777777777777778
0 0.6453125 0.10277777777777777 0.025 0.08055555555555556
0 0.5125 0.7722222222222223 0.04375 0.058333333333333334
0 0.2921875 0.5305555555555556 0.0375 0.06388888888888888
0 0.2578125 0.5444444444444444 0.0390625 0.06111111111111111
0 0.175 0.45 0.040625 0.044444444444444446
0 0.9828125 0.08333333333333333 0.0328125 0.06666666666666667
0 0.5796875 0.8083333333333333 0.0421875 0.03888888888888889
0 0.50625 0.8527777777777777 0.0640625 0.06666666666666667
0 0.6796875 0.2 0.034375 0.030555555555555555
0 0.16875 0.03888888888888889 0.0265625 0.07777777777777778
0 0.0859375 0.9722222222222222 0.021875 0.05
0 0.3390625 0.5166666666666667 0.0296875 0.04722222222222222
0 0.075 0.9 0.025 0.075
0 0.0421875 0.7388888888888889 0.0359375 0.08333333333333333
0 0.09375 0.03333333333333333 0.025 0.06388888888888888
0 0.0375 0.025 0.021875 0.05