0 0.815625 0.6388888888888888 0.04375 0.13055555555555556
0 0.390625 0.4166666666666667 0.078125 0.1
0 0.2125 0.1527777777777778 0.078125 0.07222222222222222
0 0.5015625 0.46944444444444444 0.071875 0.08055555555555556
0 0.8421875 0.9805555555555555 0.04375 0.03888888888888889
0 0.5796875 0.4166666666666667 0.078125 0.08888888888888889
0 0.8203125 0.4111111111111111 0.075 0.08611111111111111
0 0.89375 0.6805555555555556 0.0640625 0.18333333333333332
0 0.334375 0.25555555555555554 0.040625 0.11944444444444445
0 0.18125 0.24444444444444444 0.0734375 0.075
0 0.3515625 0.03888888888888889 0.0359375 0.07777777777777778
0 0.7859375 0.8777777777777778 0.04375 0.16111111111111112
0 0.096875 0.11388888888888889 0.075 0.07222222222222222
0 0.7734375 0.9888888888888889 0.028125 0.016666666666666666
0 0.0546875 0.20555555555555555 0.0953125 0.08055555555555556
0 0.6375 0.5833333333333334 0.075 0.06666666666666667
0 0.0203125 0.09722222222222222 0.0390625 0.06944444444444445
0 0.8453125 0.8694444444444445 0.0421875 0.1361111111111111