0 0.5578125 0.5861111111111111 0.040625 0.15
0 0.571875 0.9055555555555556 0.0453125 0.15555555555555556
0 0.58125 0.12222222222222222 0.0390625 0.14722222222222223
0 0.5140625 0.9055555555555556 0.0421875 0.15833333333333333
0 0.5234375 0.13055555555555556 0.034375 0.12777777777777777
0 0.7625 0.6138888888888889 0.0796875 0.06111111111111111
0 0.8578125 0.7138888888888889 0.0875 0.06944444444444445
0 0.9796875 0.7 0.040625 0.058333333333333334
0 0.1234375 0.7 0.0828125 0.06944444444444445
0 0.4890625 0.36944444444444446 0.0421875 0.16944444444444445
0 0.2548828125 0.7222222222222222 0.2998046875 0.71875 0.302734375 0.7135416666666666 0.30859375 0.6892361111111112 0.3046875 0.6684027777777778 0.2998046875 0.6597222222222222 0.2548828125 0.6597222222222222 0.2275390625 0.6631944444444444 0.220703125 0.671875 0.21875 0.6996527777777778 0.220703125 0.7170138888888888 0.2236328125 0.7222222222222222 0.2548828125 0.7222222222222222