0 0.9453125 0.19722222222222222 0.0375 0.06111111111111111
0 0.2453125 0.2972222222222222 0.0453125 0.06666666666666667
0 0.78125 0.7611111111111111 0.0734375 0.15555555555555556
0 0.2203125 0.2361111111111111 0.0359375 0.058333333333333334
0 0.2671875 0.4527777777777778 0.046875 0.09444444444444444
0 0.31875 0.7166666666666667 0.059375 0.1388888888888889
0 0.090625 0.6583333333333333 0.0484375 0.11944444444444445
0 0.1546875 0.041666666666666664 0.025 0.041666666666666664
0 0.196875 0.18888888888888888 0.03125 0.04722222222222222
0 0.28125 0.5555555555555556 0.053125 0.10833333333333334
0 0.1515625 0.15 0.0671875 0.05555555555555555
0 0.078125 0.15 0.0359375 0.044444444444444446
0 0.015625 0.5666666666666667 0.03125 0.05555555555555555
0 0.1453125 0.016666666666666666 0.0265625 0.030555555555555555
0 0.084375 0.5333333333333333 0.0421875 0.06944444444444445
0 0.984375 0.5111111111111111 0.03125 0.09722222222222222
0 0.0359375 0.6638888888888889 0.0453125 0.11666666666666667
0 0.140625 0.5888888888888889 0.0203125 0.06388888888888888
0 0.7234375 0.9138888888888889 0.084375 0.16944444444444445
0 0.071875 0.9222222222222223 0.1140625 0.05
0 0.909375 0.45 0.0578125 0.12222222222222222
0 0.153125 0.7416666666666667 0.034375 0.08055555555555556
0 0.8734375 0.5416666666666666 0.0625 0.125
0 0.990625 0.22777777777777777 0.015625 0.06111111111111111