0 0.49375 0.55 0.0703125 0.1361111111111111
0 0.734375 0.35555555555555557 0.0890625 0.07222222222222222
0 0.4578125 0.10277777777777777 0.0375 0.14722222222222223
0 0.184375 0.3638888888888889 0.0859375 0.07222222222222222
0 0.2609375 0.5027777777777778 0.075 0.07777777777777778
0 0.0875 0.375 0.0828125 0.07777777777777778
0 0.0125 0.49444444444444446 0.0234375 0.07222222222222222
0 0.5625 0.8166666666666667 0.0546875 0.14444444444444443
0 0.8390625 0.35555555555555557 0.0796875 0.06666666666666667
0 0.3671875 0.3416666666666667 0.078125 0.07222222222222222
0 0.7625 0.6777777777777778 0.0890625 0.07222222222222222
0 0.5828125 0.03333333333333333 0.0421875 0.06388888888888888
0 0.45625 0.011111111111111112 0.0328125 0.022222222222222223
0 0.28125 0.35833333333333334 0.09375 0.075
0 0.0421875 0.6861111111111111 0.0828125 0.075
0 0.91875 0.6888888888888889 0.1 0.06666666666666667
0 0.9828125 0.6833333333333333 0.0328125 0.06944444444444445
0 0.9890625 0.35833333333333334 0.021875 0.075