0 0.353125 0.15555555555555556 0.0203125 0.08055555555555556
0 0.1921875 0.4444444444444444 0.0515625 0.03888888888888889
0 0.425 0.6166666666666667 0.053125 0.05
0 0.60625 0.6611111111111111 0.046875 0.03888888888888889
0 0.634375 0.5416666666666666 0.0578125 0.03888888888888889
0 0.528125 0.6083333333333333 0.05 0.03611111111111111
0 0.36875 0.9083333333333333 0.0234375 0.08055555555555556
0 0.33125 0.030555555555555555 0.0234375 0.058333333333333334
0 0.140625 0.6444444444444445 0.0484375 0.03888888888888889
0 0.1640625 0.5111111111111111 0.0578125 0.044444444444444446
0 0.640625 0.4722222222222222 0.05 0.03888888888888889
0 0.3265625 0.11944444444444445 0.021875 0.075
0 0.3296875 0.4222222222222222 0.0265625 0.08333333333333333
0 0.8421875 0.5305555555555556 0.0515625 0.041666666666666664
0 0.140625 0.5805555555555556 0.0515625 0.03888888888888889
0 0.9515625 0.4638888888888889 0.046875 0.041666666666666664
0 0.803125 0.5944444444444444 0.0421875 0.03888888888888889
0 0.23125 0.5944444444444444 0.0453125 0.03888888888888889
0 0.8046875 0.4638888888888889 0.05 0.03888888888888889
0 0.2015625 0.6416666666666667 0.0578125 0.044444444444444446
0 0.74375 0.5388888888888889 0.040625 0.03611111111111111
0 0.5453125 0.6638888888888889 0.053125 0.03888888888888889
0 0.0328125 0.5722222222222222 0.0578125 0.044444444444444446
0 0.9859375 0.5833333333333334 0.0265625 0.03611111111111111
0 0.321875 0.2 0.025 0.08055555555555556
0 0.3453125 0.28888888888888886 0.025 0.09166666666666666
0 0.465625 0.55 0.053125 0.03888888888888889
0 0.7328125 0.4722222222222222 0.0578125 0.03888888888888889
0 0.890625 0.5916666666666667 0.05 0.03888888888888889
0 0.3921875 0.2916666666666667 0.0234375 0.08333333333333333
0 0.8609375 0.6472222222222223 0.040625 0.03611111111111111
0 0.7234375 0.6 0.0484375 0.041666666666666664
0 0.7375 0.6555555555555556 0.0515625 0.041666666666666664
0 0.334375 0.9472222222222222 0.034375 0.1
0 0.9515625 0.5222222222222223 0.05625 0.041666666666666664
0 0.4859375 0.6638888888888889 0.05625 0.03888888888888889
0 0.4078125 0.027777777777777776 0.025 0.05555555555555555
0 0.0953125 0.43333333333333335 0.0609375 0.041666666666666664
0 0.8640625 0.4666666666666667 0.05625 0.041666666666666664
0 0.6546875 0.9583333333333334 0.0125 0.08055555555555556
0 0.33125 0.6166666666666667 0.05625 0.04722222222222222
0 0.6125 0.6083333333333333 0.053125 0.041666666666666664
0 0.7953125 0.6583333333333333 0.0484375 0.03888888888888889
0 0.0203125 0.49166666666666664 0.0390625 0.044444444444444446
0 0.2890625 0.9694444444444444 0.025 0.058333333333333334
0 0.3734375 0.7666666666666667 0.025 0.06111111111111111
0 0.91875 0.6444444444444445 0.0421875 0.03888888888888889
0 0.025 0.6277777777777778 0.05 0.04722222222222222
0 0.3203125 0.8138888888888889 0.025 0.09444444444444444
0 0.9953125 0.6416666666666667 0.00625 0.041666666666666664
0 0.29375 0.8027777777777778 0.025 0.10833333333333334