0 0.496875 0.5805555555555556 0.05 0.044444444444444446
0 0.4703125 0.6638888888888889 0.0625 0.04722222222222222
0 0.34375 0.7472222222222222 0.0703125 0.05555555555555555
0 0.0265625 0.7833333333333333 0.053125 0.05
0 0.165625 0.7777777777777778 0.0734375 0.05
0 0.496875 0.7416666666666667 0.0734375 0.05555555555555555
0 0.2609375 0.7583333333333333 0.0703125 0.058333333333333334
0 0.928125 0.5944444444444444 0.0625 0.08888888888888889
0 0.975 0.225 0.0328125 0.09166666666666666
0 0.6140625 0.7555555555555555 0.071875 0.05277777777777778
0 0.959375 0.4388888888888889 0.034375 0.09722222222222222
0 0.9828125 0.3638888888888889 0.0328125 0.09722222222222222
0 0.31875 0.85 0.0859375 0.044444444444444446
0 0.7046875 0.725 0.0640625 0.05277777777777778
0 0.128125 0.8583333333333333 0.08125 0.06111111111111111