0 0.81875 0.8138888888888889 0.0703125 0.20555555555555555
0 0.04375 0.325 0.0859375 0.08333333333333333
0 0.478125 0.4777777777777778 0.0859375 0.07222222222222222
0 0.6734375 0.8277777777777777 0.075 0.23055555555555557
0 0.3125 0.19166666666666668 0.0875 0.07777777777777778
0 0.425 0.3277777777777778 0.0984375 0.08333333333333333
0 0.5234375 0.8555555555555555 0.084375 0.225
0 0.45 0.8694444444444445 0.08125 0.22777777777777777
0 0.6 0.85 0.084375 0.22777777777777777
0 0.753125 0.49166666666666664 0.0984375 0.08333333333333333
0 0.884375 0.375 0.1265625 0.10277777777777777
0 0.75 0.8277777777777777 0.0734375 0.23055555555555557
0 0.528125 0.18055555555555555 0.10625 0.09166666666666666
0 0.01875 0.7305555555555555 0.0359375 0.175
0 0.8265625 0.14722222222222223 0.121875 0.09722222222222222
0 0.2265625 0.8583333333333333 0.0875 0.2111111111111111
0 0.675 0.15555555555555556 0.1171875 0.1
0 0.2859375 0.7944444444444444 0.06875 0.1