0 0.440625 0.2361111111111111 0.10625 0.08055555555555556
0 0.0734375 0.23333333333333334 0.10625 0.08055555555555556
0 0.5765625 0.2388888888888889 0.1125 0.08611111111111111
0 0.8453125 0.24444444444444444 0.09375 0.08333333333333333
0 0.5703125 0.9083333333333333 0.121875 0.09444444444444444
0 0.3109375 0.23333333333333334 0.084375 0.07777777777777778
0 0.175 0.23055555555555557 0.0859375 0.08055555555555556
0 0.2939453125 0.7118055555555556 0.3193359375 0.7118055555555556 0.3798828125 0.6979166666666666 0.3857421875 0.6944444444444444 0.390625 0.6857638888888888 0.392578125 0.6753472222222222 0.392578125 0.6475694444444444 0.390625 0.6336805555555556 0.3876953125 0.6284722222222222 0.3818359375 0.625 0.3017578125 0.6423611111111112 0.2939453125 0.6458333333333334 0.287109375 0.6545138888888888 0.28515625 0.6649305555555556 0.287109375 0.6961805555555556 0.2890625 0.703125 0.2939453125 0.7118055555555556
0 0.4755859375 0.6944444444444444 0.4951171875 0.6909722222222222 0.498046875 0.6857638888888888 0.498046875 0.6440972222222222 0.49609375 0.6336805555555556 0.4931640625 0.6284722222222222 0.4697265625 0.6284722222222222 0.4091796875 0.6354166666666666 0.40625 0.640625 0.40625 0.6892361111111112 0.4111328125 0.6979166666666666 0.4755859375 0.6944444444444444
0 0.2158203125 0.6979166666666666 0.2353515625 0.6944444444444444 0.2470703125 0.6875 0.251953125 0.6788194444444444 0.25390625 0.671875 0.25390625 0.6336805555555556 0.2431640625 0.6145833333333334 0.2060546875 0.6145833333333334 0.1728515625 0.6180555555555556 0.1572265625 0.6215277777777778 0.1279296875 0.6319444444444444 0.126953125 0.6336805555555556 0.126953125 0.6927083333333334 0.1298828125 0.6979166666666666 0.2158203125 0.6979166666666666
0 0 0.6996527777777778 0.0009765625 0.7013888888888888 0.0615234375 0.7013888888888888 0.0732421875 0.6944444444444444 0.078125 0.6822916666666666 0.080078125 0.6684027777777778 0.080078125 0.6475694444444444 0.0751953125 0.6284722222222222 0.0693359375 0.625 0.0478515625 0.6215277777777778 0.0009765625 0.625 0 0.6267361111111112 0 0.6996527777777778
0 0.6083984375 0.6805555555555556 0.6181640625 0.6840277777777778 0.6884765625 0.6840277777777778 0.6982421875 0.6770833333333334 0.703125 0.6649305555555556 0.703125 0.6302083333333334 0.701171875 0.6232638888888888 0.6943359375 0.6111111111111112 0.6884765625 0.6076388888888888 0.6611328125 0.6006944444444444 0.6162109375 0.6041666666666666 0.6015625 0.6163194444444444 0.599609375 0.6302083333333334 0.599609375 0.6649305555555556 0.6015625 0.671875 0.6083984375 0.6805555555555556
0 0.7822265625 0.6875 0.8037109375 0.6909722222222222 0.8466796875 0.6909722222222222 0.8662109375 0.6875 0.8740234375 0.6805555555555556 0.87890625 0.6684027777777778 0.87890625 0.6371527777777778 0.875 0.6232638888888888 0.8720703125 0.6180555555555556 0.8662109375 0.6145833333333334 0.8427734375 0.6076388888888888 0.7978515625 0.6111111111111112 0.7841796875 0.6145833333333334 0.77734375 0.6232638888888888 0.775390625 0.6302083333333334 0.775390625 0.6614583333333334 0.77734375 0.6753472222222222 0.7822265625 0.6875
0 0.9013671875 0.6805555555555556 0.9833984375 0.6770833333333334 0.9873046875 0.6736111111111112 0.9921875 0.6649305555555556 0.994140625 0.6545138888888888 0.994140625 0.6371527777777778 0.9921875 0.6197916666666666 0.990234375 0.6128472222222222 0.9833984375 0.6041666666666666 0.9775390625 0.6006944444444444 0.9638671875 0.5972222222222222 0.8955078125 0.6006944444444444 0.888671875 0.6128472222222222 0.888671875 0.6614583333333334 0.8935546875 0.6770833333333334 0.9013671875 0.6805555555555556
0 0 0.9739583333333334 0.0009765625 0.9756944444444444 0.0205078125 0.9756944444444444 0.0634765625 0.96875 0.068359375 0.9565972222222222 0.068359375 0.9253472222222222 0.064453125 0.9114583333333334 0.0595703125 0.9027777777777778 0.0478515625 0.8923611111111112 0.0419921875 0.8923611111111112 0.0009765625 0.9097222222222222 0 0.9114583333333334 0 0.9739583333333334