0 0.95625 0.43333333333333335 0.0859375 0.09166666666666666
0 0.9046875 0.6138888888888889 0.08125 0.07222222222222222
0 0.9828125 0.6194444444444445 0.0328125 0.06666666666666667
0 0.509375 0.6055555555555555 0.0890625 0.06944444444444445
0 0.2109375 0.6222222222222222 0.08125 0.07222222222222222
0 0.834375 0.41944444444444445 0.075 0.06111111111111111
0 0.625 0.6194444444444445 0.0734375 0.06111111111111111
0 0.2953125 0.6333333333333333 0.0671875 0.06388888888888888
0 0.9234375 0.6916666666666667 0.078125 0.058333333333333334
0 0.134375 0.4888888888888889 0.0890625 0.05
0 0.665625 0.4166666666666667 0.0734375 0.058333333333333334
0 0.71875 0.6166666666666667 0.0734375 0.058333333333333334
0 0.390625 0.625 0.065625 0.058333333333333334
0 0.80625 0.6194444444444445 0.075 0.05555555555555555
0 0.2861328125 0.5208333333333334 0.3115234375 0.5208333333333334 0.3505859375 0.5173611111111112 0.353515625 0.5121527777777778 0.35546875 0.4982638888888889 0.353515625 0.4774305555555556 0.3505859375 0.4722222222222222 0.3310546875 0.46875 0.2978515625 0.46875 0.2841796875 0.4722222222222222 0.27734375 0.4774305555555556 0.275390625 0.4947916666666667 0.275390625 0.5086805555555556 0.2783203125 0.5173611111111112 0.2861328125 0.5208333333333334
0 0.0859375 0.6277777777777778 0.1015625 0.06666666666666667
0 0.540625 0.4888888888888889 0.1015625 0.06666666666666667
0 0.74375 0.41944444444444445 0.0734375 0.058333333333333334
0 0.790625 0.5222222222222223 0.071875 0.05555555555555555
0 0.9046875 0.5361111111111111 0.075 0.05555555555555555
0 0.78125 0.6972222222222222 0.0796875 0.06111111111111111
0 0.596875 0.09444444444444444 0.0359375 0.175