0 0.984375 0.6472222222222223 0.0296875 0.07222222222222222
0 0.91875 0.19444444444444445 0.0515625 0.14722222222222223
0 0.296875 0.9472222222222222 0.0328125 0.10277777777777777
0 0.3921875 0.6305555555555555 0.0828125 0.08888888888888889
0 0.303125 0.7777777777777778 0.053125 0.16944444444444445
0 0.7609375 0.6416666666666667 0.0890625 0.07222222222222222
0 0.04375 0.030555555555555555 0.053125 0.058333333333333334
0 0.8671875 0.6916666666666667 0.0984375 0.08611111111111111
0 0.8890625 0.9416666666666667 0.0640625 0.1111111111111111
0 0.5765625 0.6194444444444445 0.0859375 0.075
0 0.4796875 0.6083333333333333 0.084375 0.06666666666666667
0 0.0078125 0.25555555555555554 0.0140625 0.07222222222222222
0 0.665625 0.6361111111111111 0.0796875 0.07777777777777778