0 0.3296875 0.8388888888888889 0.0296875 0.08888888888888889
0 0.7578125 0.39166666666666666 0.0453125 0.03611111111111111
0 0.9796875 0.4083333333333333 0.0390625 0.041666666666666664
0 0.4828125 0.3888888888888889 0.059375 0.044444444444444446
0 0.803125 0.24166666666666667 0.040625 0.03333333333333333
0 0.375 0.8277777777777777 0.0328125 0.11666666666666667
0 0.2640625 0.9027777777777778 0.03125 0.11944444444444445
0 0.4765625 0.475 0.0515625 0.041666666666666664
0 0.2234375 0.9333333333333333 0.0375 0.11944444444444445
0 0.64375 0.25 0.04375 0.03611111111111111
0 0.975 0.24166666666666667 0.05 0.041666666666666664
0 0.775 0.48333333333333334 0.05 0.03888888888888889
0 0.2984375 0.8944444444444445 0.0234375 0.08055555555555556
0 0.6904296875 0.4861111111111111 0.6953125 0.4774305555555556 0.6953125 0.4704861111111111 0.6904296875 0.4583333333333333 0.6826171875 0.4548611111111111 0.6591796875 0.4583333333333333 0.65625 0.4635416666666667 0.65625 0.484375 0.6611328125 0.4930555555555556 0.6904296875 0.4861111111111111
0 0.2021484375 1 0.205078125 0.9947916666666666 0.189453125 0.9427083333333334 0.1826171875 0.9305555555555556 0.1728515625 0.9375 0.166015625 0.9461805555555556 0.1640625 0.9565972222222222 0.171875 0.9878472222222222 0.1767578125 1 0.2021484375 1