0 0.7390625 0.6083333333333333 0.0609375 0.2
0 0.71875 0.2972222222222222 0.065625 0.2
0 0.43125 0.6 0.065625 0.21388888888888888
0 0.4296875 0.3527777777777778 0.0625 0.2111111111111111
0 0.5953125 0.5916666666666667 0.0578125 0.2111111111111111
0 0.3484375 0.35555555555555557 0.0609375 0.18888888888888888
0 0.671875 0.6 0.06875 0.2388888888888889
0 0.5734375 0.3194444444444444 0.0640625 0.225
0 0.8015625 0.28888888888888886 0.071875 0.22777777777777777
0 0.1265625 0.39166666666666666 0.06875 0.225
0 0.275 0.3638888888888889 0.0609375 0.225
0 0.5015625 0.3277777777777778 0.065625 0.22777777777777777
0 0.8109375 0.5611111111111111 0.071875 0.23333333333333334
0 0.3640625 0.6305555555555555 0.0625 0.20833333333333334
0 0.5109375 0.6055555555555555 0.0625 0.2361111111111111
0 0.209375 0.36944444444444446 0.059375 0.20277777777777778
0 0.2859375 0.6416666666666667 0.065625 0.2361111111111111
0 0.140625 0.6638888888888889 0.075 0.24444444444444444
0 0.98125 0.13055555555555556 0.0359375 0.14166666666666666
0 0.971875 0.025 0.05625 0.04722222222222222
0 0.2140625 0.6472222222222223 0.065625 0.2222222222222222
0 0.65 0.30277777777777776 0.0765625 0.28055555555555556