0 0.946875 0.375 0.090625 0.058333333333333334
0 0.1671875 0.3416666666666667 0.0734375 0.058333333333333334
0 0.309375 0.4444444444444444 0.06875 0.06388888888888888
0 0.93125 0.5444444444444444 0.0875 0.05555555555555555
0 0.309375 0.37222222222222223 0.0734375 0.058333333333333334
0 0.7953125 0.45555555555555555 0.075 0.05555555555555555
0 0.534375 0.3638888888888889 0.0640625 0.05555555555555555
0 0.784375 0.5444444444444444 0.0859375 0.06111111111111111
0 0.909375 0.7388888888888889 0.0578125 0.06666666666666667
0 0.2296875 0.18611111111111112 0.040625 0.13333333333333333
0 0.6578125 0.5416666666666666 0.078125 0.05277777777777778
0 0.4640625 0.5361111111111111 0.078125 0.058333333333333334
0 0.8953125 0.9583333333333334 0.0296875 0.08055555555555556
0 0.3578125 0.5277777777777778 0.0734375 0.058333333333333334
0 0.2546875 0.5333333333333333 0.065625 0.05555555555555555
0 0.0453125 0.5277777777777778 0.0765625 0.058333333333333334
0 0.9125 0.05277777777777778 0.025 0.10277777777777777
0 0.5671875 0.5333333333333333 0.0921875 0.06944444444444445
0 0.9328125 0.9611111111111111 0.04375 0.075
0 0.909375 0.6861111111111111 0.0546875 0.044444444444444446
0 0.1578125 0.5333333333333333 0.0875 0.058333333333333334