0 0.2734375 0.7527777777777778 0.090625 0.06944444444444445
0 0.2546875 0.6777777777777778 0.084375 0.07222222222222222
0 0.3796875 0.675 0.0828125 0.075
0 0.465625 0.7361111111111112 0.075 0.07222222222222222
0 0.0921875 0.675 0.08125 0.07777777777777778
0 0.0453125 0.7611111111111111 0.0890625 0.075
0 0.1390625 0.7555555555555555 0.0921875 0.07777777777777778
0 0.546875 0.6527777777777778 0.084375 0.08055555555555556
0 0.846875 0.7194444444444444 0.0921875 0.07777777777777778
0 0.68125 0.6555555555555556 0.0703125 0.06944444444444445
0 0.5828125 0.7388888888888889 0.103125 0.075
0 0.7515625 0.7305555555555555 0.090625 0.07222222222222222
0 0.9265625 0.6416666666666667 0.1 0.07222222222222222